DB00001	2147
DB00002	2213;715;713;2212;2209;2215;2214;716;9103;1956;712;714
DB00004	3561;3560;3559
DB00005	2213;715;7133;713;2212;2209;2215;4049;2214;716;9103;7124;712;714
DB00006	2147
DB00007	2798
DB00008	3455;3454
DB00009	5340;5329;5054;2243
DB00010	2692
DB00011	3455;3454
DB00012	2057
DB00013	5104;4036;5340;5328;6768;5327;5055;5329;5054;4811
DB00014	2798;3973
DB00015	5340;5329;5054;2243
DB00016	2057
DB00017	799
DB00018	3455;3454
DB00019	1441
DB00020	1439;3563;1438;5553;6383
DB00022	3455;3454
DB00024	7253
DB00025	811;433;821;5264;4035;2158;90411;3998;7450;3309;2159
DB00026	3554
DB00028	2213;727;2212;2209;2215;9103;721;721;718;2214
DB00029	5340;5329;5054;2243
DB00030	5925;3643;1363;3480
DB00031	7123;821;2243;5340;5055;302;4035;3856;811;5329;5054
DB00032	3973;2492
DB00033	3459;3460
DB00034	3455;3454
DB00035	552;554;5021;553
DB00036	7035;2677;3249;2152;2155;2159
DB00038	3590
DB00039	2263;2260;2261;3339;8829;2264
DB00040	9340;2642;2740
DB00041	3561;3559;3560
DB00042	6843;6844;127833
DB00043	2205;2206
DB00044	3973
DB00045	7097
DB00046	3643;3480
DB00047	3643;3480
DB00048	1277;1280;1278;1281
DB00050	2798;3973
DB00051	7124
DB00052	5618;2690
DB00054	2213;715;713;2212;2209;3690;2215;3674;2214;716;9103;7448;712;714
DB00055	7056;5104;2677;5627;10544;2153;2147;2157;5196;5054;1356;5269
DB00056	2213;715;713;945;2212;2209;2215;2214;716;9103;712;714
DB00058	1991
DB00060	3455;3454
DB00061	2885
DB00063	3690
DB00065	7124
DB00066	2492
DB00067	552;554;553
DB00068	3455;3454
DB00069	3455;3454
DB00070	7040
DB00071	5122;3643;3416;4036;94121;5925;4856;5126;3480;3119;3490;1509;3118;1363
DB00072	2213;715;713;2064;2212;2209;2215;2214;716;9103;1956;712;714
DB00073	931
DB00074	2213;715;713;2212;2209;2215;3559;2214;716;9103;712;3560;714
DB00075	2213;715;713;917;2212;916;2209;2215;915;2214;716;9103;712;919;714
DB00078	2213;715;713;2212;931;2209;2215;2214;716;9103;712;714
DB00081	2213;715;713;2212;931;2209;2215;2214;9103;712;714
DB00082	2690
DB00083	6616;388
DB00086	5340;2149
DB00087	2213;715;713;2212;1043;2209;2215;2214;9103;712;714
DB00089	2346
DB00091	2281;5479;2288;10105;6865;9429;6554;5481;28234;4363;10599;1576;2280;8647;5243;1244;819;5535;1557;5478;5530
DB00092	2213;715;713;2212;2209;2215;2214;9103;712;914;714
DB00094	2492
DB00095	2213;715;3683;713;2212;2209;2215;2214;9103;712;714
DB00097	3973;2492
DB00098	2213;3683;3140;3685;3690;909;942;3688;920
DB00099	1991;1441
DB00100	2677;2147;2157;4035;2155;2160;2159
DB00102	2;5156;5159
DB00104	6755;6751;6752
DB00105	3455;3454
DB00106	2798
DB00107	5021;5020
DB00108	2213;715;713;2212;2209;2215;3676;2214;9103;3383;712;714
DB00110	2213;715;713;2212;2209;2215;2214;9103;712;714
DB00112	2213;715;7422;713;2212;2209;2215;2214;9103;712;714
DB00114	2806;5834;285313;2875;113675;10841;2731;212;8879;211;51380;9517;113451;4942;5837;587;23464;8942;189;6898;84706;11212;5836;51540;51166;4953;6470;339896;875;55304;56267;1644;6472;883;5023;2571;2805;586;9054;79896;55163;10993;3067;23042;85007;18;57026;63826;55034;64902;10558;29968;51091;1491
DB00115	4524;4594;25974;166785;4548;4552
DB00118	5409;4143;23070;27232;1312;4144;262;875;57412
DB00119	9120;9194;5315;23539;5162;5091;64902;6567;6566;9122;5313;18;9121;9123
DB00120	5053;7054;23428;2193;10056;10667;6898
DB00121	32;3141;3416;56922;5091;5096;64087;5095;31;25;8884
DB00122	162466;9468;89832;590;5337;5338;5130;1137;43
DB00123	84889;6541;6545;3735;6542
DB00126	10536;55214;55239;5264;79676;5352;55217;221120;8424;151;112399;5351;121642;5033;8284;64175;3938;112398;5066;54681;1621;9963;8985;54583
DB00128	2806;6507;790;4069;445;91703;440;2805;159;10606;10165;8604;80150;6505;1615;95;443;55157;444;6035;122622
DB00129	84889;6541;83884;10166;6545;5009;51686;2628;4947;384;4942;6542;4946;383
DB00130	1503;2752;5471
DB00131	5565;5028;2180;5029;5142;107;84532;2203;5836;5562;5144;3094;5292;132;55902;134;5564;1385;6714
DB00132	9415;7442;8856;5742;5467;5468;6256;6785;9971;6546;2864;5465;3992;338557
DB00134	635;4548;23743;10988;4552
DB00135	8565;51067;7054;6898
DB00136	2638;7421;3206
DB00138	6519;1497;23657;11136
DB00139	10536;8803;6561;55214;6389;8801;55217;8424;9058;5019;8630;5351;5033;6391;64175;6392;8974;6390;56670;7915;64064;54583;8985;1468;444;8802;64849
DB00140	55312;645
DB00141	8703;55577;4669;8702;2683;51172;8704;5973
DB00142	2806;2875;2746;10841;2905;79751;162417;2747;140;2752;2904;6507;587;23657;2895;2346;55191;2917;2901;2915;2729;2891;84706;6506;2903;6511;51166;2897;2902;56267;2356;2892;2058;440;2900;26873;2028;2571;2805;5832;2911;5188;586;2913;2890;116444;2914;2918;5198;2899;23549;18;2898;10404;6505;83733;2730;2893;2906;2677;10157;8833;124454;2744;116443;51557;2894;2912;27165;2572;29968;6512;2916;6898
DB00143	3029;2940;51060;4258;4318;51022;2882;2952;2098;9446;2745;27306;2948;4259;119391;373156;221357;257202;2937;2876;231;2678;2936;2878;2938;4056;2880;1576;2941;2946;2949;2950;2879;2739;2944;2939;2877;4257;2947;2954;493869
DB00145	140679;2905;2731;212;211;2628;2841;9152;23464;189;2903;2937;6470;92292;6472;10249;2743;2742;27232;116444;2653;6536;8001;51268;206358;64902;2741;2617;570;219970
DB00146	7421
DB00148	1158;2593;548596;1152;6535;1160
DB00150	7453;10352
DB00151	2730;2729;4255;2805;9054;51380;79587;2937;833;80704;875;1491;1036
DB00152	759;27010;10560;760
DB00153	27092;59285;55799;8911;774;783;8912;786;8913;776;782;784;775;773;93589;10369;785;59284;777;9254;781;779;7421;10368;59283;778;27091
DB00156	79896;6897;80222
DB00157	26227;4704;2747;219;4713;4538;6652;4695;4694;3939;5860;3292;231;1586;4707;4725;127;4967;221;1579;7299;645;26330;5160;7264;51079;3420;218;374291;3030;50814;160287;3248;4712;4536;2819;4191;216;2746;5959;3421;4696;4705;3033;4535;23530;6307;5161;126328;11112;4729;1109;4522;8644;4726;4710;7358;2936;1962;1717;10873;3615;4719;125;10157;3284;4711;4541;4539;3948;5831;8854;4700;4720;51478;3419;1645;224;4540;4537;217;5162;2597;29920;4702;7923;644;8659;1036;1738;1646;4190;92483;622;126;4835;3028;3163;56901;4728;4715;4698;1719;7915;4329;10797;3945;4200;1737;501;3283;3614;35;4731;4706;223;4722;131;3294;4718;4709;222;4717;3290;124;220;3156;9563;275;55967;4724;4708;3162;4199;4697;1727;4716;3295;4714;3293;3291;4723;4701;128
DB00158	2350;2352;2348
DB00159	7442;5742;2182;165140;5467;5468;2181;6546;2864;5465;3992;5743
DB00161	586;7407;5096
DB00162	347;5959;216;5947;54884;9249;9227;5949;112724;27306;51109;6017;220;145226;5950;10901;50700;57665;8854
DB00163	2950;8856;284904;5579;5578;240;23541;266629;5516;5515;7274;1606
DB00165	8566
DB00166	8856;11019;10055;51601;43;8884;5743
DB00169	7421;2741
DB00170	994;7052;3620;1728;5624;632;8858;5627;2147;2155;2159;440503;316;4835;154807;2158;4129;5346;2677;79001
DB00173	32;55825;4507;6733;353;52
DB00174	440;4677;10991;79731;80150;6510
DB00175	3156;3066;10599
DB00176	10280;1565;6531;3757;1559;6532
DB00177	185
DB00178	623;1636
DB00179	6462;239;246;240;1588;3480
DB00180	2908
DB00181	9568;2550;140
DB00182	152;6571;6530;153;134864;150;1548;151;147;148;6531;4129;155;4128;146;9607;1813;154;6532
DB00183	887
DB00184	1548;89832;1136;1103;8973;55584;1143;1138;1588;57053;1137;1135;1141;1142
DB00185	1131;1128
DB00186	2562;706;2564;2567;2557;2556;2561;2568;2560;2563;2558;2566;55879;2554;2559;2565;2555
DB00187	153
DB00188	1511;23632;1504;1991;762;377677;1215;768;5476;763;766;760;5689;5696;11238;771;5693;765;5690;759;761
DB00189	2562;2564;2567;2557;2556;2561;2568;2560;2563;2558;2566;55879;2554;2559;2565;2555
DB00190	390245;1644
DB00191	4852;6531;6530;134864;4129;6532;4128
DB00192	6331
DB00193	152;2905;6869;6530;2904;4988;150;3358;151;2903;6326;2902;7442;116444;1131;4985;2906;134;1128;4986;116443;6532
DB00194	1803
DB00195	154;153
DB00196	1559;1557;1576;1595
DB00197	3357;6916;2950;8856;2182;5594;5468;2101;140;2030;2104;5467;5465;1559;8647;5054;4129;760
DB00198	4758;4759
DB00199	2862;1576;3757
DB00200	81693;4594;326625;25974;166785;4548;8029;6947;4552
DB00201	8654;5293;5138;5290;140;472;3757;5291;5142;5151;5145;5140;43;3709;8622;3710;3708;5136;5153;5146;5144;5158;5152;5141;5139;27115;5591;5137;136;6261;135;50940;5150;134;5143;10846
DB00202	1128;1129;57053;1131;1137
DB00203	5150;134;8654;5136;5146;10057;5149;5152;5141;5148;3757;10846;135;50940
DB00204	3776;3757;3768
DB00205	3073;1719;3074
DB00206	6571;332;1813;4988;8647;5243;6570
DB00207	23569
DB00208	152;10280;1565;64805;1557;151;1555;150;1544
DB00209	1128
DB00210	6256;2741;5916;6257;5915;6258;5914;5743
DB00211	147;148;146
DB00213	6582;2194;55244;9429;495;23576
DB00214	6558;6557
DB00215	3357;10280;146;6530;3269;3757;3358;148;6532
DB00216	3357;3363;3354;3352;3355;3350;3351
DB00217	152;3758;151;153;154;150;155
DB00218	7153
DB00219	1128
DB00220	6865;2534;6530;140;1577;1576;4988;5243;1812
DB00221	154;153
DB00222	3767;6833;3758;8714
DB00223	2908
DB00224	6916;6865;55244;1576;146802
DB00226	6530
DB00227	6865;6531;3683;3156;6530;3066;3383;5243
DB00228	2564;3736;2556;2557;2566;2559;2562;2567;27032;2568;55879;2743;2890;2560;2558;2554;2555;513;2561;2741;2563;3783;2565
DB00230	781
DB00231	2564;2557;2556;2566;2559;2562;2567;2568;2569;55879;706;200959;2560;2558;2554;2555;2561;2570;2563;2565
DB00233	5770;240;1147;30814;5743
DB00234	3358;6530;6532
DB00235	5140;5742;5139;8654
DB00237	2564;2557;2556;2566;2559;2562;2567;2891;2568;55879;2560;2558;2554;2898;2555;89832;2561;2563;1137;2565
DB00239	152;6916;6530;3356;140;1814;150;1812;6865;151;43;8856;6531;1131;1576;4985;155;3357;1128;1565;1557;1559;6532
DB00240	2908
DB00241	2564;2557;2556;2566;2559;2562;2567;2891;2568;55879;2560;2558;2554;2898;2555;89832;2561;2563;1137;2565
DB00242	6241;50484;5422;6240;5427;4860;56655;5426;2516;54107
DB00243	6331;153;783;6332;11280;6336;3768;6329;6334;6323;6328;6326;776;782;784;147;775;148;55800;6335;6324;785;6327;3761;3770;146;3759;779;778;6330
DB00244	3551;5468;240;1147;5742;4353;5743
DB00245	152;6530;3356;1814;150;3358;3362;151;3269;1133;10280;6531;1131;3274;1132;3357;1128;146;1129;6532
DB00246	152;3359;6863;153;3356;1814;3757;150;3358;3362;1812;151;3269;3354;1133;147;148;1816;1131;3350;1132;3357;1128;1129;3363;1815;154;3005;1813;3352;3351;6532
DB00247	3357;10280;3363;3356;3354;3355;3350;3351;3358
DB00248	152;153;3356;1814;150;3358;1812;151;147;148;1816;3350;3357;146;3363;1815;154;1813;3352;3351
DB00249	7083
DB00250	3362
DB00251	152;1132;10280;8856;1128;146;1129;6531;151;3356;1131;1814;1595;1133;150;3358;6532
DB00252	2564;6331;2557;2556;783;3757;2566;2559;2562;6334;2567;6323;2568;6328;6326;776;55879;784;775;782;8856;773;2560;6324;785;2558;2554;2555;2561;2563;779;1559;778;2565
DB00253	2908
DB00255	152;2099;6916;6530;3356;140;2103;1814;4988;150;367;3362;1812;6865;9429;10499;151;2101;2104;6462;8856;10800;6531;316;1131;2100;4985;5742;135;3357;134;1128;146;2908;4986;1813;6532
DB00257	6916;3577;6869;6530;153;3356;140;1814;9971;3757;1233;1595;4988;150;3358;3362;1812;3738;6865;554;1588;151;3269;1586;775;8856;338442;6531;1131;1576;4985;5243;1544;135;155;1132;3274;3357;134;1128;146;1129;1558;2908;1565;1557;4986;1815;154;9970;1813;3783;1559;6532
DB00259	23632;11238;765;768;762;771;759;377677;766;760;761
DB00261	64805;5139
DB00262	2936
DB00263	1909
DB00264	4886;153;154;1573;155
DB00266	9159;1429;1728;79001;1559;5594;2859
DB00268	3357;152;146;3363;151;3356;1815;1813;1814;3352;147;3350;150;148
DB00270	1565;9254;1558;781;779;783;8912;776;1559;775
DB00272	3274
DB00273	6331;23632;783;762;377677;6332;11280;6336;768;2901;6329;6334;6323;6328;6326;763;2897;782;784;775;766;776;760;2900;6335;11238;785;771;2899;2554;2898;765;777;779;759;778;761
DB00275	185
DB00276	10257;1565;213;316;7153;6580;3757;7155;5004
DB00277	5142;134;81502;8654;23420;140;5141;142;3066;8904;5139;26140;136;135;79608
DB00278	2147
DB00279	7067;5111;134;7068
DB00280	6582;3751;1128;1129;6331;1131;5005;3752;3757
DB00281	6329;6331;6335;5005;1956;5004;6336
DB00282	2224
DB00283	152;6530;3356;1814;3757;150;3358;3362;1812;151;3269;6580;1133;10280;6531;1131;3274;1132;3357;1128;146;1129;1565;1557;1813;27346
DB00284	2548;8972;279;6476
DB00285	4886;6531;6530;3358;3362;6532
DB00286	2099;2100
DB00287	5737
DB00288	2908;301
DB00289	2906;1565;2905;6531;6530;4986;116444;116443;2904;2903;3757;3760;2902;6532
DB00290	3978;3980
DB00292	2564;2557;2556;2566;2559;2562;2567;151;2568;55879;1585;2560;2558;2554;2555;1584;2561;2563;2565
DB00293	2350;113235;7298;6573;2356;2348
DB00294	6462;2099;5241
DB00295	4985;4988;4986;23643
DB00296	6336
DB00297	5731;6336
DB00298	3357;146;151;3356;147;3358;148
DB00302	5340
DB00304	6462;2099;5241
DB00306	2564;2557;2556;2566;2559;2562;2567;2891;2568;55879;2560;2558;2554;2898;2555;89832;2561;2563;1137;2565
DB00307	10062;6256;56603;5916;7376;6258;5915;6257;5914
DB00308	9424;3767;781;786;81033;90134;3757;782;775;3775
DB00309	81027
DB00310	6557;23632;11238;765;768;763;771;759;762;766;760
DB00312	2564;2905;2557;2556;2904;2566;2559;2562;2567;2891;2568;2903;55879;2902;8856;2560;116444;2558;2554;2898;2555;2906;89832;2561;116443;2563;1137;2565
DB00313	9734;6331;6332;11280;6336;6329;6334;6323;5468;36;6328;6326;5467;4967;55800;6335;6324;6327;5465;3066;7915;6330
DB00315	3355;3350;3351;3352
DB00316	7442;10728;5743;759;771;5742;766;4151;760;761
DB00317	2065;5597;11183;4215;673;2046;10746;85443;9448;5587;5602;2050;25865;84446;51135;3055;285220;817;25;23235;1432;6714;9263;1760;415116;5260;5607;2042;1022;9748;11213;3984;9262;2041;3932;5979;818;1956;3815;10257;2872;4067;2066;10188;27148;81788;5596;9429;3654;388228;147746;2324;50488;8986;2051;6793;4233;1454;2268;2064;27;3791;5292;2044;79837;23043;4058;5601;1613;5753;85366;2047;8569;2322;640;2580;2444;1453;8767;11113;80122;11200;51701;23683;5261;558;7294
DB00318	4988;4985;4986
DB00320	3357;152;55244;146;151;3356;1813;1814;1576;3351;3352;150;3358;3362;1812
DB00321	152;3786;4915;6331;3736;6530;3356;1814;3757;4988;150;3358;3362;59340;1812;81033;151;90134;3269;6326;1133;147;148;10280;1816;6531;6335;1131;4985;3350;1132;3274;3357;3785;1128;146;1129;3363;4914;4986;1813;5979;3352;3351;6532
DB00322	7298
DB00323	7276;2859;1312
DB00324	2908;8856
DB00325	43;4881
DB00327	4985;4988;4986
DB00328	6916;10257;11251;5732;5320;367;5468;8644;231;3576;9376;145482;213;9356;5742;4513;240;2739;5465;5743
DB00331	5564;2110;2819
DB00332	1131;1128;1129
DB00333	2906;3359;1136;89832;2905;2902;4986;116444;116443;2904;4988;2903;1555;1137;3757;4985;1141;5243
DB00334	152;3359;2557;2556;3356;153;1814;3757;2566;3355;150;3358;3362;1812;2559;2567;151;3269;3354;1133;147;148;1816;1131;2558;3350;2554;1132;155;3357;2555;1128;146;1129;3363;1815;1813;3005;154;3352;3351;2565;6532
DB00335	154;153;140
DB00337	8647;2475;2280
DB00338	9446;2194;196;495;4170
DB00340	1128;1129;1131;1133;1132
DB00341	3269
DB00342	7494;152;6331;2534;6530;3356;1814;3757;1573;3358;3362;1812;6865;3269;1133;775;6531;1131;1576;5243;1132;3357;1128;1129;1234;1813;1956
DB00343	779;775;1576;786
DB00344	6531;6530;6532;140
DB00345	9356
DB00346	146;3757;147;43;148
DB00347	8913
DB00348	3242
DB00349	2562;2564;2567;2557;2556;2561;2568;2560;2563;2558;2566;55879;2554;2559;2565;2555
DB00350	5742;5972;3758
DB00351	2908;1559;5241
DB00352	5742;5595
DB00353	3357;1565;151;3356;1813;1814;3355;150;3358;3362;1812
DB00354	3269;1128
DB00356	3778;4846
DB00357	1583;1588
DB00358	135;2741;3757;3040
DB00359	760
DB00360	5053;7054;4846;7166;4842
DB00361	6865;203068;1576
DB00363	152;3359;6530;3356;140;1814;3757;11255;150;3358;3362;59340;1812;151;3269;3354;3361;1133;147;148;10280;1816;316;1131;50632;3350;1132;3274;3357;2950;1128;146;1129;3363;1815;1813;3005;3352;3351;6532
DB00364	2243;1950;5222;2247;2244;2266
DB00366	3269;9970;1128
DB00367	6462;2099;2908;5241;6715;367
DB00368	152;5053;146;6571;151;153;154;1813;147;150;148;6570;155
DB00370	152;3359;146;3363;6530;151;3356;4986;3269;1814;147;3350;150;3358;148
DB00371	2562;2564;2567;2557;2556;2561;2568;2560;2563;2558;2566;55879;2554;2559;2565;2555
DB00372	5346;440503;1815;1813;1812
DB00373	155;154;153
DB00374	64805;5739;5467
DB00376	10280;1128;1565;1129;1131;1133;1132
DB00377	3359;3757
DB00378	5241
DB00379	3357;196;6331;6326;3757
DB00380	7153;7155
DB00381	152;146;3776;6531;55799;150;8911;148;774;782;759;147;775;3362;6609
DB00382	6582;351;1145;55244;590;1129;1565;6530;1066;2902;43;1544
DB00383	1131;1128;1129
DB00384	6340;6339;1565;834;6337;1511;6338;3717
DB00385	7153
DB00387	1128;1129;1131;1133;1132
DB00388	152;146;150;153;147;148
DB00389	7173
DB00390	6097;6774;476;10599
DB00391	1815;11238;765;1813;1814;763;759;771;150;766;760;768;761
DB00392	1128;1129;590;116443;43
DB00393	4306;140;783;9971;1573;196;776;782;784;775;8856;785;1576;1544;1557;779;1268;1559;778
DB00394	2908
DB00395	2556;2561;2558;2566;2554
DB00396	6462;2099;10280;4306;2908;5241;151306;4986;5024;6581;6580;1586;2100;866;1559;5004;367
DB00397	152;151;153;154;150;1812
DB00398	7075;2261;9212;3356;11183;673;2046;8999;558;2043;3361;9448;2048;7010;5894;6885;2050;1195;3055;28996;2260;780;285220;1969;6790;1432;6714;2534;2045;5600;3358;3362;6198;5607;10114;8444;1588;4916;51776;6300;1024;2042;1022;9748;3984;5603;51347;2053;5218;8647;9344;6725;3357;7272;2263;2041;3932;5979;6732;1956;5594;65061;3815;2872;4067;27148;3985;3654;5128;1436;2324;147746;50488;2051;91807;6793;3718;2268;27;3791;2044;369;23043;816;3350;4921;1452;10733;5156;5601;3363;4914;2932;4915;1017;85366;65975;1018;225689;2047;3643;8569;2322;204851;640;2444;7048;8767;11113;27330;23097;4593;11184;80122;1020;5595;57551;51701;2321;51086;1445;10461;6795;140469;5159;8711;25;51265
DB00399	23632;2224;9453;768;11119;771;4313;760
DB00400	3859;6580
DB00401	8856;781;140;779;783;776;775;1544;135
DB00402	2562;2564;2567;2557;2556;2561;2568;2560;2563;2558;2566;55879;2554;2559;2565;2555
DB00403	886
DB00404	2564;5724;2557;2556;2566;2559;2562;2567;2568;55879;706;2560;2558;2554;2555;23476;2561;2563;2565
DB00405	3269
DB00406	1773
DB00407	462;3053
DB00408	152;3359;6530;3356;153;1814;150;59340;3362;3358;1812;151;3269;3361;3354;1133;147;148;1816;6531;1131;3350;3274;1132;1128;1129;3363;1815;1813;3352;3351;6532
DB00409	10280;1815;3356;1813;1814;3350
DB00410	3376
DB00411	1128;1129;1131;1137;1135;1133;43;1132
DB00412	6916;55847;2182;5468;6256;6257;5467;5465;6258;8647;4129;760
DB00413	1815;3356;1813;1814;3350;150
DB00414	3758
DB00415	6564;7010;6565
DB00416	1135
DB00417	6564
DB00418	2906;89832;2905;4318;2556;2557;2891;116443;116444;2904;2903;1137;2898;2558;2902;2554;2559;2555
DB00419	57704;7357;4015;2548;6476;178;8972
DB00420	152;6530;3356;1814;150;3358;3362;1812;151;3269;1133;147;148;10280;1131;1132;3274;3357;1128;146;1129;1565;1815;1813;5621;6532
DB00421	2099;27092;4306;59285;55799;8911;774;783;8912;367;5241;786;8913;6715;1586;776;782;784;775;6462;8856;773;6716;1585;93589;10369;2100;785;79644;59284;777;9254;781;2908;1557;779;10368;59283;778;27091
DB00422	6531;3350;6530;6532
DB00423	759
DB00424	1131;1132;1128;1129
DB00425	2554;2555;2556;2566
DB00427	3269
DB00428	10724;6514
DB00429	5731
DB00431	2562;2099;2743;8856;5241;2741;2569;2560;8001;2742
DB00432	7298
DB00433	152;2534;6530;3356;1814;3757;150;3358;3362;1812;151;3269;1133;147;148;10280;6531;1131;1544;1132;3357;1128;146;1129;1565;1815;1813;4170;6532
DB00434	152;6530;3356;1814;150;59340;3362;3358;1812;151;3269;1133;80854;1131;1132;3274;3357;1128;146;1129;3363;1813;6532
DB00435	2977;3620;4489
DB00436	6559;3778;762;759;760
DB00437	7498
DB00439	3156
DB00440	7298;1719
DB00441	51727;6240;7298
DB00443	2908
DB00444	7153
DB00445	2534;7153;1105
DB00446	1604
DB00448	162466;2194;1565;1558;1557;495;4137;1544
DB00449	590;154;150;43;148
DB00450	3357;152;146;151;3356;1813;1814;3269;3757;1133;150;3358;148;1812;1132
DB00451	7067;353189;7068;3690;3685;54658;9971;7276
DB00452	7442;7852
DB00454	2906;6532;1128;1129;2905;6531;2902;6530;4986;1066;1133;1131;4988;2904;2903;3757;4985;1132
DB00455	3357;8856;1558;1557;3269;9971;3757;55117
DB00456	58190;1786;55867;9356;9376
DB00457	3357;152;55244;146;4318;150;151;1815;140;4835;6580;3352;3757;147;148;4312
DB00458	6582;3756;6530;3356;140;5005;3757;3358;3362;1812;3269;6580;1133;775;147;148;3751;1816;6531;1131;3350;1132;6609;1128;55244;146;3363;1129;1813;5621;3752;6532
DB00459	5947;6256;5916;6258;5915;6257;5914
DB00461	4128;6530;5742;1544;5743
DB00462	1131;1128;1129
DB00464	5624;5627
DB00465	10257;842;837;836;998;838;5742;5743
DB00467	526;7153
DB00468	6582;3783;2815;1565
DB00469	5742;5743
DB00470	1269;2741;2841;1814;1268
DB00471	152;6916;2534;6530;140;1814;150;6865;2840;10800;6531;1131;4985;155;3357;1128;1558;240;154;1432;1956
DB00472	6530;3356;3757;11255;150;3358;3362;1143;151;3269;1133;775;43;148;10280;6531;1131;1135;3357;1128;1565;1136;1557;1163;6532
DB00473	6336;6331
DB00474	2554
DB00475	2562;2564;2567;2557;2556;2561;2568;2560;2563;3269;2558;2566;55879;2554;2559;2565;2555
DB00476	4886;6331;6530;3757;3355;3358;3362;3269;148;6531;1576;1544;3357;3753;1565;3363;1557;3352;3351;6532
DB00477	152;2534;6530;3356;5005;1814;3757;4988;150;3358;3362;59340;1812;5004;6865;3776;151;808;808;3269;6580;1133;147;148;10280;1816;6531;316;1131;4985;3350;5243;1544;1132;3274;3357;6609;1128;146;1129;3363;1565;4986;1815;1813;5621;808;4161;6532
DB00478	6582;55244
DB00480	3553;8600;51185;1003;7124;5743
DB00481	152;2099;2534;6530;3356;1814;4988;150;3358;3362;1812;6865;7031;5337;151;10682;5272;43;10280;6531;316;5338;2100;1576;4985;135;3357;146;4986;1813;1559;6532
DB00482	23632;6530;762;377677;768;151;763;766;760;3065;10013;6531;11238;771;5742;4513;765;1565;240;5170;9536;1432;1559;5743;6532;761
DB00483	1128;1129;1135;1133;43
DB00484	152;146;151;147;150;148
DB00486	1269;1268
DB00487	7153
DB00488	1544
DB00489	155;154;153;3757
DB00490	3357;10280;55244;146;3356;1815;1813;1814;3757;3350;147;3358;148
DB00491	23193;2595;2548;6476;8972
DB00492	1636
DB00493	213;6564;55867;9356;10864;6565;9376
DB00494	10257;2859;1312
DB00495	7083;213;7015
DB00496	1128;1129;6331;153;1131;154;3757;1133;1132
DB00497	4988;4985;4986
DB00498	79001
DB00499	13;8856;196;8824;367;3362
DB00500	5742;3576;231;5743
DB00501	55244;3274
DB00502	152;6863;6571;6530;3356;2904;1814;3757;3355;4988;150;3358;3362;1573;1812;3776;2847;151;3269;10682;1133;775;148;10280;1816;1131;1576;3350;5243;3274;3357;1128;146;1565;3363;1557;1815;1813;3005;154;3352;27346;3351;6532
DB00503	6916;6865;8856;55244;1565;10599;4986;1577;54658;1555;28234;1576;11309;552;1559;8647;5243;146802
DB00504	4988
DB00507	231
DB00508	3357;1128;1129;1813;1812
DB00509	7276;7173;7067;7068
DB00511	476
DB00512	150
DB00513	4018;5327;5340
DB00514	1535;6530;4988;1143;1141;10280;4689;5879;5880;4688;1135;4985;1565;1136;89832;653361;116443;4986;1536;1137;10857;6532
DB00515	2;7018;475;4350
DB00517	1131;1128;1129
DB00518	7846;10383
DB00519	1636
DB00521	154;153
DB00523	3486;10062;340665;6256;5673;5916;7376;6258;5915;6257;5914;3164
DB00524	23632;11238;6559;768;763;771;762;766;760
DB00525	3357;1557
DB00527	808;6336;6331
DB00528	786
DB00530	7301;2065;7075;9212;4215;673;2046;10746;558;29110;6850;5602;2050;25865;1244;3055;780;285220;817;6790;23235;26576;6714;9263;1760;2045;11309;55561;440275;5607;5586;2042;9748;2868;1576;7272;2263;9262;3932;5979;1956;3815;7525;2872;4067;2066;79934;27148;3717;55589;5596;388228;2324;147746;50488;8445;8986;2051;6793;4233;3718;1454;2268;2064;27;3791;2044;79837;23043;4058;10733;5156;5601;1613;85366;2047;8569;2322;640;2580;2444;1453;7297;25989;8856;8767;11113;238;80122;120892;22848;2321;51086;1445;5747;5610;56997;10461;6795;5159;8711;25;7294
DB00531	8856
DB00532	8856;6331
DB00533	2006;5732;5742;4513;5743
DB00534	7915;6557
DB00535	58190;4353
DB00536	2593;217;6035;1742
DB00537	7153;7155;3757
DB00539	5346;2099;6462;440503;3172;3362
DB00540	152;6530;3356;153;1814;150;3358;3362;1812;151;3269;1133;147;148;10280;6531;1131;3350;1132;3274;3357;155;1128;146;1129;1565;1557;1813;5979;154;10857;6532
DB00541	7277;203068
DB00542	1636
DB00543	152;3359;2564;2557;2556;6530;3356;1814;2566;150;3358;59340;3362;1812;2559;2562;2567;151;2568;3269;1133;55879;147;148;6531;2560;1131;2558;3350;2554;1132;2555;3357;1128;146;1129;3363;1565;2561;1815;2563;1813;3351;2565;6532
DB00544	7298
DB00545	43;213;590
DB00547	2908
DB00548	6716;7299;6718
DB00549	6582;6916;8856;55244;10800;5468;57105;140;1241;1956;1432;2053;1559;5594;146802;5595
DB00550	7173;4353
DB00551	4321
DB00552	100
DB00553	1548;1553;1544;43
DB00554	5742;9376;5743
DB00555	3359;2564;2557;2556;153;3356;2566;150;2559;1812;2562;2567;2568;3269;6326;55879;1133;148;1816;2560;1131;2558;2554;2555;135;1132;134;1128;777;1129;2561;4986;2563;1813;2565
DB00557	3269;1813;3356
DB00558	10825;4759
DB00559	8856;1909;1910
DB00561	3777;51305;1565
DB00562	6559;762;771;759;760;768
DB00563	2350;113235;7298;471;6573;3146;8202;2356;2348;1719
DB00564	6334;8856;6329;6331;6323;6335;6328;1137;6326;6332;11280;6336
DB00565	1135
DB00566	1845;5781
DB00568	775;1816;1129;1128;8911;1131;8913;3269;1813;779;8912;776;1133;778;1812;1132
DB00569	462;2159
DB00570	6916;3725;7283;7846;203068;51175;51174;5243
DB00571	3357;6532;10280;1565;6331;153;6554;3356;154;3757;1544;3350;3351;3358;3362;155
DB00572	1128;146;1129;2741;1131;1137;1133;1141;3358;1132
DB00573	5742;5465;5468;5743
DB00574	3357;3358;6532;3356
DB00575	152;146;151;6580;11188;147;3350;150;148
DB00579	10280;6531;6571;6530;6532
DB00580	23632;6530;11238;761;765;768;763;771;762;377677;766;4513;760;5743
DB00582	1559;1557;1555
DB00583	54677;123096;6583;6584;788;1374;1066;7498;1384;1376;4353
DB00584	59272;1636
DB00585	43;3274
DB00586	5742;213;3577;9356;3576;7276;57016;5743
DB00588	2908;5241;4306;5321
DB00589	152;153;3356;1814;150;3358;3362;1812;151;3269;1816;3350;3274;3357;1565;146;3363;1815;1813;154;3352;3351
DB00590	3357;152;10257;146;6531;81033;90134;154;3757;147;150;3358;148;4312;6532
DB00591	308;2908;307;302;306;301
DB00592	2562
DB00593	8913
DB00594	6340;4128;6339;6337;40;6548;5328;26;6338;41;135;9311
DB00596	2908
DB00598	3357;10280;1565;146;6531;6530;153;154;147;148;155
DB00599	89832;2166;2556;2557;2891;1131;1137;2898;2558;2554;2559;2555
DB00600	5742;6530;7299;5743
DB00601	4129;4128
DB00602	2562;8001
DB00603	2099;4306;1645;2564;2557;2556;2566;2559;367;2562;2567;5241;2568;8644;55879;6462;1646;2560;2558;2554;5243;2555;2908;2561;2563;2565
DB00604	3359;3360;3757;3356
DB00605	11251;2741;231;5467;5742;57016;5743;5595
DB00606	2893;2891;2890;6424;762;759;486;760
DB00608	152;7124;351;10280;1128;1129;1131;2939;4835;5621;27346;3757;23621;150;1132;54106
DB00610	148
DB00611	4985;4988;4986
DB00612	155;154;153
DB00613	351;1565;3176;3757;1573
DB00615	3320;7184
DB00617	8911
DB00619	6582;6916;3815;9263;23632;9833;2534;4067;613;3356;762;673;2046;768;146802;2322;9429;3654;640;1436;5599;2580;147746;6850;51776;2444;7297;766;760;5602;2268;57396;27;23097;5894;4835;79837;771;4921;5243;3274;10733;1195;57551;5156;765;55244;5601;51086;780;4914;3932;759;5159;1956;25;6532;761
DB00620	2908;1573
DB00621	367
DB00622	140;783;1573;808;776;1133;775;147;148;5136;5153;1131;1576;8647;5243;1132;1128;1565;1558;146;781;1129;1557;1559
DB00623	152;2534;6530;3356;140;1814;3757;4988;150;3358;3362;1812;367;6865;3776;151;808;3269;148;10280;1816;6531;1131;4985;5243;1132;3274;3357;1128;146;1129;3363;4986;1815;1813;4161;6532
DB00624	6462;2099;10280;4306;2908;1588;1576;866;775;367
DB00626	2;1956;3416;3932
DB00627	4837;338442;8843;23475
DB00628	2562;706;2564;2567;2557;2556;2561;2568;2560;2563;2558;2566;55879;2554;2559;2565;2555
DB00629	134864;150;151
DB00630	5775;2224;523;5791;5802
DB00631	5422;6240;5138
DB00633	152;150;146
DB00635	2908
DB00636	5465
DB00637	152;3756;2534;6869;6530;3356;6755;1814;3757;4988;150;59340;3362;3358;1812;6865;151;3269;1133;10280;6531;1131;1576;4137;4985;5243;155;1132;3274;3357;1128;146;1129;4986;1815;2741;1813;27346;1956;4161;6532
DB00640	134;9153;9154;140;6885;136;64078;135
DB00641	1558;10599;3683;3156;3066;5243
DB00642	2350;113235;7298;471;6573;2618;2348;1719
DB00643	3791;25;10383;7846
DB00644	2798
DB00645	43;6336
DB00647	4986;1066;4985;3757;4988
DB00648	3357;2099;1584;6531;5241;2230;6530;140;150;367;3362;6532
DB00649	213
DB00650	1719
DB00651	5150;5142;134;5143;5144;5141;27115;135
DB00652	4985;4988;10280;4986
DB00653	781;786;779;783;782;775
DB00654	5737
DB00655	6462;3357;2099;9429;1588;3292;2100;866;367;6532
DB00656	3357;152;10280;146;6531;6530;151;3356;3269;1813;1814;3350;150;3358;148;6532
DB00657	89832;1136;1137;1135;1141
DB00659	2564;2905;2557;2556;2904;2566;2559;2562;2915;2567;2568;2903;2902;55879;2560;116444;2558;2554;2555;2906;2561;116443;2563;2565
DB00661	3767;3356;774;1814;3757;8912;150;3358;3738;8913;6580;775;147;148;4363;773;1576;5243;3274;3357;146;6532
DB00663	2908
DB00665	367
DB00666	2798
DB00668	152;7124;146;151;153;1813;154;147;150;148;155
DB00669	3359;55244;3363;3356;3361;3354;3352;3355;3350;3351;3358;3362
DB00670	1128;1129;140;1131;1133;1132
DB00671	11168;5335;317
DB00672	6833
DB00673	6869;1576;6870
DB00674	1145;1136;590;89832;8973;55584;1143;1138;1134;57053;1140;1137;1146;1135;1141;43;1144;1142
DB00675	6916;2099;2534;5584;6869;6530;5580;153;3356;140;1814;3757;4988;84650;150;3358;3362;1812;367;5590;5588;6865;5579;5241;5599;2101;151;10682;2104;1133;6462;10280;8856;6531;2064;1717;5581;1131;5582;2100;1576;4985;5742;5243;155;135;1132;3274;3357;5578;1128;146;1129;4986;1815;3932;1813;1555;1956;6532
DB00676	4190
DB00677	7018;590;5476;43;5743
DB00678	10599;1636;185;28234;1559;8647;186
DB00679	152;6331;2534;6530;3356;1814;3757;150;3358;3362;1812;151;3269;1133;775;147;148;10280;6531;1131;5292;1544;1132;3274;3357;1128;146;1129;3363;1565;1557;4986;1815;1813;1956;6532
DB00680	6331
DB00682	79001;8856;213
DB00683	2557;2556;1576;6580;2558;2554;2559;2555
DB00685	6916;7153
DB00686	2247;2249;2246
DB00687	2908;4306
DB00688	5805;3614;3615
DB00690	2564;2557;2556;2566;2559;2562;2567;2568;2569;55879;200959;2560;2558;2554;2555;2561;2570;2563;2565
DB00691	59272;1636
DB00692	3357;152;10280;146;1565;151;3356;3269;11188;147;150;3358;148
DB00693	
DB00694	4363;3320;7153;7155;2516;5243;4313
DB00695	3290;55847;6557;23632;11238;765;768;763;771;759;762;766;2859;760
DB00696	152;6916;2534;6530;153;3356;1814;3355;150;3358;3362;1812;151;3361;147;148;1816;1576;3350;3357;146;3932;1813;154;3352;3351
DB00697	152;146;151;11188;147;150;148
DB00698	55847
DB00699	148
DB00700	4306
DB00701	6916;1577;1576
DB00703	762;759;766;760;761
DB00704	4985;4988;1565;4986
DB00706	152;146;3363;1813;1814;147;3350;150;148
DB00707	2209;3949
DB00708	5346;440503;4986;4988;4985;5243
DB00709	213
DB00710	2224
DB00711	5742;240
DB00712	5742;8644;9356;5743
DB00713	6564;6565
DB00714	152;3356;1814;3757;150;3358;1812;151;148;4193;1816;50632;3350;3357;146;1815;1813;3352;3351
DB00715	152;3359;6869;6530;153;3356;3360;3757;170572;3355;150;3358;3362;1812;285242;151;3269;3354;1133;147;148;5025;10280;1816;6531;200909;1131;156;3350;1132;4353;155;3357;1128;1565;1129;146;3363;9177;154;1813;3352;3351;6532
DB00716	3320;10800;57105;2357;5729
DB00717	6462;2099;2908;5241;367;6532
DB00719	3269
DB00720	291;293;292
DB00721	27094;3780;3359;10242;6531;27345;116443;3781;374569;5321;3778;3779;1135;3782;3783;4129;6336;4128
DB00722	5972;1636
DB00723	147;148;146
DB00724	146;3274;51284;51311;135
DB00725	1128;1129;1131;1133;1132
DB00726	3359;6530;153;3356;150;3358;1812;151;3269;1133;147;148;1816;6531;1131;3350;155;1132;1128;1129;154;1813;3352;6532
DB00727	4881
DB00728	3359;1135;1129
DB00730	1544;23173
DB00731	5468;6833
DB00732	1135
DB00733	43;590
DB00734	152;6863;153;3356;1814;3757;3355;150;3358;3362;1812;151;3269;3361;147;148;10280;1816;3350;3274;3357;1128;55244;146;3363;1565;1815;2741;154;3005;1813;3352;3351;6532
DB00735	6713
DB00736	495;23576
DB00737	3249;9970;3269
DB00738	6582;6530;6768;3356;6303;1814;6581;150;3358;5644;146802;26;1787;1133;2902;6531;1132;4128;55244;1129;6285
DB00740	6331;6530;6326;23657
DB00741	6462;4306;2908;866;301
DB00744	241;246;240;4048;9536;1241;2053
DB00745	6531;147
DB00746	10287;351;6000;6004;85397
DB00747	1128;1129;1131;1137;6476;1133;1141;1132
DB00748	3269
DB00749	5742;6256;5743
DB00750	6331
DB00751	6582;55244;3363;3356;3269;150;148;3274
DB00752	1557;4129;1555;4128
DB00753	2564;3736;2556;2557;2566;2559;2562;2567;27032;2568;808;55879;1141;2890;2560;2558;2554;2555;513;2561;2741;2563;1137;2565
DB00754	8856;6331
DB00755	216;140;190;5914;3933;5300;6097;27306;1592;56603;5916;5915;6258;6095;6096;5950;6256;6257;3357;5166;340665;29991;5918;5594;8854;9052
DB00756	152;2099;6916;4886;2534;2746;140;150;5054;3358;6865;4282;7415;43;2064;6392;2100;1544;135;5595;3357;1557;3932;1432;1956;5594;6532;5743
DB00757	3359;3757
DB00758	64805;1555;6532
DB00759	5778;23569;5621
DB00761	6557;9990;10723;6558;57468;6560
DB00762	6582;152;1132;55244;116447;7150;43;4312;146802
DB00763	7173
DB00765	7054
DB00768	11255;6284;6271;3269;6285;6283;6273;3274
DB00769	2908
DB00770	10257;11251;5732;5731;5739
DB00771	1128
DB00772	4543;590
DB00773	8648;7153;28234;7155;8202
DB00774	476;6557;23632;11238;768;3778;762;771;759;766;760
DB00775	3673;3674;3690
DB00776	55800;6334;6329;6331;6323;6335;6328;6324;6327;6326;6332;11280;6336;6330
DB00777	1128;146;1129;1815;3356;1131;3269;1813;1133;147;3358;148;1812;1132
DB00778	5243
DB00779	7155
DB00780	18;1565;1558;2875;6531;1557;84706;23028;8639;1576;1559;4129;4128
DB00782	1128
DB00783	2099;2852;2103;6581;8678;866;6817;4508;367;10499;1545;2101;3294;6580;2104;6462;8856;316;2100;1137;1555;6532
DB00784	1645;1646;8644;5742;57016;4353;5743
DB00785	1128;1129;1131;1133;1132
DB00788	842;8644;9356;5742;5743
DB00789	5226
DB00790	6424;1636
DB00792	3269
DB00793	152;6865;8856;6531;151;4986;3356;2582;140;6530;1814;150;3358;3362;1812;6532
DB00794	2564;2557;2556;2566;2559;2562;2567;2891;2568;55879;2560;2558;2554;2898;2555;89832;2561;2563;1137;2565
DB00795	6916;5319;10257;3551;10599;5468;1147;240;38;759;11309;5742;5594;7124;23657;760;5743
DB00796	51426;10599;185;28234;11201
DB00797	152;151;3269;134864;150;148;3274
DB00798	4036;1719
DB00799	5916;5914;6257;5915
DB00800	152;1816;146;390245;151;1813;147;134864;150;148;1812
DB00801	2564;2557;2556;2566;2559;2562;2567;2568;2569;55879;200959;2560;2558;2554;2555;2561;2570;2563;2565
DB00802	4988
DB00804	3357;10280;1128;1129;3356;1131;1814;1133;3274;3358;3362;1132
DB00805	3357;1128;3356;1813;43;3358;1812;6532;4128
DB00806	5142;134;8654;5141;4907;136;43;135
DB00807	10280;6336;4128
DB00808	23632;11238;765;6559;768;763;771;759;762;377677;766;760;761
DB00809	1128;1129;1557;1131;1133;1559;1132
DB00810	1128;1129;1131;1135;1133;1132
DB00811	134;5167;3614;3615;22978
DB00812	5742;5740;2357;5743
DB00813	4986;4988;3757;4985;5243
DB00814	5742;5743
DB00816	154
DB00818	2564;2557;2556;6530;2566;2559;3358;2562;6329;2567;2568;6326;55879;2560;2558;5742;2554;2555;3357;2561;2563;2565
DB00819	770;358;23632;11238;765;768;763;771;759;762;377677;766;760;761
DB00820	50940;8654
DB00821	5742;10257;5743
DB00822	5927;4015;140;1814;1233;4988;150;3362;1812;217;11343;10919;151;8989;187;3579;440503;834;6531;729230;79813;4017;1544;1621;5595;5346;84695;84171;4986;1815;185;1813
DB00823	2099;5241;4128
DB00824	5142;134;140;5141;136;135
DB00825	775;79054;773;162514;4986;776;779;783;785;8989;782;784;778
DB00829	2564;1645;2557;2556;140;2566;2559;2562;2567;2568;2569;55879;706;1646;200959;2560;2558;2554;2555;2561;2570;2563;2565
DB00830	6531;6530
DB00831	10280;6275;3363;7134;808;808;3362;3269;1131;10682;1813;808;5243;3757;84650;50632;3358;148
DB00833	58190
DB00834	2099;4306;8856;354;1558;2908;5241;4986;2100;1576;4988;1559;8647;367
DB00835	1128;1129;1131;3269;3757;1133;1132
DB00836	6331;1814;3757;4988;808;10280;7010;773;5443;8824;4985;5243;3274;3357;1565;4986;154;9970;6532
DB00838	2908
DB00839	3767;6833
DB00841	2099;2534;6530;153;1814;762;377677;768;151;763;6580;147;766;148;760;10280;6531;11238;771;765;146;3932;154;759;1956;6532;761
DB00842	2564;2557;2556;2566;2559;2562;2567;2568;2569;55879;200959;2560;2558;2554;2555;2561;2570;2563;2565
DB00843	2905;3356;2904;3757;11255;2903;4791;3553;2902;43;10280;590;116444;4842;2906;116443;7130;23621;4790
DB00844	4985;4988;4986
DB00845	8647
DB00846	2908
DB00847	6750;4887
DB00848	251;1136
DB00849	8856;89832;2557;2556;2891;1137;2898;2558;2554;2559;2555
DB00850	1565;3363;316;1131;3362;3269;1813;808;3757;1544;3358;148;1812
DB00851	4318;23649;5226
DB00852	3725;6530;22926;153;467;150;11016;1386;148;122953;6531;466;3558;7124;4772;22809;154;2353;4790;468;6532
DB00854	4985;4988;4986
DB00855	210
DB00857	10280;1565;6530;6713;150
DB00860	4306;6868;3569;2908;5241;151306;2752;866;7124;367
DB00861	5742;213;57468;9356;759;7276;760;5743
DB00862	8654;5138;5149;5152;5148;10846;50940
DB00863	43;55244;3274
DB00864	23450;2281;8856;2289;10599;1577;1576;5530;2280;8647;2475
DB00865	6531;150;148;6571
DB00867	154;8484
DB00868	6331
DB00869	23632;11238;765;768;763;771;759;762;377677;766;760;761
DB00870	5742;1559;5743
DB00871	155;154;156;153
DB00872	552;554
DB00874	2906;2905;116443;116444;2904;2903;2902
DB00875	10280;1128;3776;3356;1813;148;1812
DB00876	8714;185
DB00877	2281;8856;2289;10599;2475;1977;1557;27250;1576;2280;2247;1559;5243
DB00878	6582;55244;4318;80201;4160;6581;6580;3176;7334;4313;146802
DB00879	213
DB00880	6559;759;760
DB00881	1636
DB00882	6462;114548;2099;3362
DB00883	4881
DB00884	2224
DB00887	6557;23632;11238;6558;1080;57468;768;763;771;759;762;6560;766;760
DB00889	6582;3359;55244;3757
DB00890	6462;2099
DB00891	760
DB00892	6336
DB00893	2512;2495;3043;3040
DB00894	1588
DB00895	2205;2207
DB00896	2908;8856
DB00897	2564;5724;2557;2556;2566;2559;2562;2567;2568;2569;55879;706;200959;2560;2558;2554;2555;2561;2570;2563;2565
DB00898	3359;2564;2557;2556;3765;2030;170572;3177;3762;2559;3760;2562;285242;2567;786;8973;2891;57053;2568;55584;1143;3763;776;55879;782;775;1141;3897;1142;2892;2742;2890;1138;2560;10369;200909;1135;2558;2554;2555;2893;1136;89832;2561;9177;116443;2741;2563;7412;1137;779;2565
DB00899	4988;4985;4986
DB00900	4860
DB00902	3269
DB00903	5346;2950;51176;476;440503;6557;2938;1244
DB00904	6582;3357;3359;55244;3360;3757;4988;3350;3351;146802
DB00905	5737;8644;5733;5731
DB00906	6529
DB00907	10280;1128;1129;6331;6531;6530;1066;3757;11280;6336;6532
DB00908	9424;1565;590;6331;146;148;3757;3741;147;5243;3775
DB00909	767;6331;23632;8911;762;377677;8912;6330;11280;768;6329;6323;56934;6328;8913;6326;763;766;760;55800;6335;11238;6324;771;770;6327;4129;765;4128;759;761
DB00910	7421
DB00912	5468;6580;6833
DB00913	4988
DB00914	5562;6580;3764
DB00915	10280;1136;89832;116443;1813;1137;2902
DB00917	5733;11251;27306;5734;5732;5731;5737;5739
DB00918	3351;3352
DB00920	3357;1128;146;1129;5226;151;3356;1131;3269;1814;1133;3274;150;3358;3362;1812;1132
DB00921	4985;4988;4987;4986
DB00922	5139;3767;7134;3764
DB00924	3357;3363;316;6530;3356;5979;7099;3358;3362;6532
DB00925	6582;152;146;151;808;154;6581;6580;147;150;148
DB00927	55244;23632;11238;765;377677;759;771;763;3274;762;766;760;768
DB00928	1786;134;140
DB00929	5734;5732;5733;5731
DB00932	5222;1510
DB00933	3356;1131;3362;3269;1813;3757;1133;3358;148
DB00934	152;6530;3356;1814;150;3358;3362;1812;151;3269;1133;147;148;1816;6531;1131;1576;3274;1132;3357;1128;146;1129;3363;1813
DB00935	3357;152;1132;1565;146;150;151;3356;3362;3352;11188;147;3351;3358;148;1133
DB00936	1645;3146;759;771;5742;760;5743
DB00937	6531;6530
DB00938	155;154;1814;153
DB00939	3786;3785;5742;1645;2169;1646;240;8644;7276;5594;5743
DB00940	1128;3274
DB00941	590
DB00942	1128
DB00943	213;7852
DB00944	43;590
DB00945	1645;5597;5565;225689;7157;3551;5596;5563;5111;6197;834;836;5562;595;1909;5742;53632;51422;5595;4609;5598;4792;7130;5564;5571;5594;3309;5743
DB00946	79001
DB00947	2099;8856;5241;2101;9971;2100;2053
DB00949	2904;2903;116443
DB00950	3269
DB00951	1558;1557;1576;1544;4353
DB00952	3355;3350;3351;3352
DB00953	3356;3352;3355;3350;3351;3358
DB00956	4988;10280;4985;4986
DB00957	2099;5241;367
DB00959	2908;301
DB00960	3357;153;154;3352;3350;3351;155
DB00961	6336
DB00962	2554;706
DB00963	5742;5743
DB00964	152;150;151;148
DB00966	10599;5468;1636;185;2741;28234;1559;1573;186
DB00967	3357;1132;1128;1129;6531;151;6530;3356;1131;3269;1814;1133;3274;3358;3362;6532
DB00968	10257;2534;390245;1956;150;1644
DB00969	3357;3359;1576;3757;1544
DB00970	2885;4921;7153;7155
DB00972	3357;5319;1128;1565;4056;3269;3757;11255;147;3358;148;3274
DB00973	290;6646;29881
DB00974	351
DB00975	6582;5150;10257;8654;5151;50940;5138;1827;5141;2030;100;10846;8647;5004;58497
DB00976	28234;8647;10257;10599
DB00977	6582;6462;2099;8856;2908;316;6531;6530;9970;1555;2100;6817;6532
DB00978	7153
DB00979	1128
DB00980	4544;4543
DB00981	1565;590;1137;1141;43
DB00982	3357;151;140;5914;5916;1432;5594
DB00983	155;154;1814;153
DB00984	367
DB00985	3357;10280;1128;1565;1129;146;6531;151;6530;3356;1131;3269;1133;150;3358;1132
DB00986	1133;1128;1129;1131
DB00987	5423;4193;8202
DB00988	3359;6571;6530;4543;1814;4544;134864;1812;1816;6531;390245;3350;1621;6647;3363;9177;1815;1813;6532
DB00989	43;590
DB00990	1588
DB00991	5742;5743
DB00992	2209
DB00993	3251;5879
DB00994	3791;846
DB00995	25824;3551
DB00996	3786;134;9254;56479;781;774
DB00997	3320;55847;1128;2534;2064;1717;7153;6790;9221;7155;2516;5243;4313
DB00998	3350;3351;3352
DB00999	23632;11238;6559;768;3778;763;771;759;762;766;760
DB01001	155;154;153
DB01002	1565;6336
DB01003	3778;2859;6286
DB01004	2915
DB01005	6240
DB01006	1588;1584;1585
DB01007	1586;1595
DB01008	4318
DB01009	842;837;3577;838;9356;5742;5743
DB01010	43;590
DB01011	1585;1588;1584;1576
DB01012	846;1565;2741
DB01013	2908;8647
DB01014	5468;5742;240;5743
DB01015	2950
DB01016	54795;55847;3767;10599;3764;1374;6833;1080;10060;19;1559;8647
DB01017	834;7422;4318;836;54205;240;3553
DB01018	3357;152;151;3356;11188;150;3358
DB01019	1131;1132;1128;1129
DB01020	2977
DB01021	476;23632;11238;765;6559;768;763;771;759;762;766;760
DB01022	632;2677
DB01023	8856;4306;9254;781;5136;5153;9212;776;140;808;779;783;9971;7125;8912;7134;1559;775
DB01024	7364;3614;3615
DB01025	10257;29110;9641;2246;3562;6284;6283;2859
DB01026	6916;1577;3757;1595;150;367;6865;151;1588;1594;1586;6580;8856;1585;1591;1576;4985;8647;5243;8529;1584;1129;1558;1589;9970;1559;6532
DB01028	2564;3736;2556;2557;2566;4535;2559;2562;2567;27032;2568;55879;2890;2560;2558;2554;2555;513;2561;2741;2563;2565
DB01029	3725;8647;1909;185
DB01030	55244;116447;7150;3091;1576;146802
DB01031	759;760
DB01032	50833;55867;24145;9356;771;760;768;9376
DB01033	3251;3614;5471;3615
DB01035	6331;43;3757;1786
DB01036	1128;1129;6331;1131;3757;1133;1132
DB01037	150;151;4129;4128
DB01039	8856;5468;6531;3356;140;2168;5465;64386;3358
DB01041	2263;5005;4790;51185;7124;5004;5743
DB01043	3359;2564;2905;2557;2556;2904;2566;2559;2562;2567;2568;2903;2902;55879;2742;2743;2560;116444;8001;2558;2554;2555;2906;2561;116443;2741;2563;1813;2565
DB01044	57396;23683;1196
DB01045	8856;834;10599;28234;1555
DB01046	1181
DB01047	2908;6608
DB01048	213
DB01049	152;3359;153;3356;1814;3360;170572;3355;150;3358;3362;1812;285242;151;3354;147;148;1816;200909;3350;155;3357;146;3363;9177;1815;154;1813;3352;3351
DB01050	5465;7056;842;837;2169;5468;2811;596;838;8644;1080;9356;6278;5742;5743
DB01053	6564;9376;6565
DB01054	9254;781;786;1557;776;140;779;783;3757;8912;1559;775
DB01056	6331
DB01057	590
DB01059	7153;1573;7155
DB01062	3357;10280;1128;1129;6531;1557;6530;1131;1814;1133;1132
DB01063	1813;367;1812
DB01064	8503;6647;153;1815;154;1814;5295;156;5296;5594;155
DB01065	3357;2099;6096;4543;808;4835;8288;4544;811;438;4353
DB01067	5468;1576;6833
DB01068	2562;706;2564;8856;2567;2557;2556;2561;2568;2560;2563;2558;2566;55879;2554;2559;2565;2555
DB01069	152;6530;3356;1814;150;3358;59340;3362;1812;151;808;3269;1133;148;10280;1131;1132;3274;3357;1128;146;1129;1813;5621;6532
DB01070	7421
DB01072	28234;10599;11309
DB01073	5422;1633;6240
DB01074	10280;1128;1565;2534;6530;9290;1374;1131;3757;1133;1956;1376;1132
DB01075	3357;1128;1129;6530;3356;1131;3269;3757;1133;3358;1132
DB01076	196;10599;3156;1803;3066;9970;1576
DB01077	523;5802
DB01078	476
DB01079	3357;3359;3356;3360;3358
DB01080	18;2550
DB01081	4988;4985;3738
DB01082	23569
DB01083	8513;221955;8856;2194;7920;747;5406;26090;1268;7941;57406
DB01084	3269
DB01085	1548;1128;1129;1131;1553;1132
DB01086	6336
DB01087	3855;123228;4835;1544;6532
DB01088	5142;5733;11251;5143;5144;5731;5327;5141;5729;5739
DB01089	6571
DB01090	57053;1143;1136
DB01091	10280;1565;6530;6713;150;43;6532
DB01092	6774;476;688;477;3757;478
DB01095	3156;3066
DB01097	196;6531;6530;1723;2185;1544
DB01098	3683;3156;5147
DB01099	1786
DB01100	7398;1814;3757;4988;3358;3362;59340;3776;808;8913;3269;775;148;1131;1576;4985;5243;3363;4986;2741;1813;3352
DB01101	7298
DB01102	155;154;153
DB01104	152;222962;6530;3356;3757;150;3358;151;1133;10280;6531;1576;1132;3357;1128;1565;1129;1557;10857;4161;6532
DB01105	6531;151;6530;6532
DB01106	23620;3269
DB01107	2562;2564;2567;2557;2556;2561;2568;2560;2563;2558;2566;55879;2554;2559;2565;2555
DB01108	2099;2100;3284;3283
DB01109	2263;9965;2260;2247;3082;2264;2249;2246;5196;462;6403;2159
DB01110	6916;4846;2534;6869;3620;6530;153;3356;140;3781;1814;3757;1595;4988;3782;150;3358;3362;1573;1812;81033;6865;3780;3783;1588;151;90134;1586;186;8856;10242;6531;4843;27345;1131;3778;1576;4985;5243;155;1132;135;3274;3357;134;1128;146;1129;1565;27094;1557;4986;1815;1813;3779;1559;2916;6532
DB01113	5142;8654;5153;5138;1557;5139;3757;5140;10846
DB01114	3357;6531;6530;3269;3757;59340;6532
DB01115	3736;4638;140;783;8912;3741;1573;3358;808;776;775;8856;729230;1576;1544;134;781;1557;779;1559
DB01116	57053
DB01117	1723
DB01118	2534;6530;7068;3356;140;153;1814;3757;624;4988;8912;150;3358;3362;1812;6865;7067;5468;151;10682;1133;775;2222;10280;6531;2064;729230;1131;4985;5243;1132;3357;1128;1129;1558;9254;4986;1815;1813;4161;6532
DB01119	476;3767;6559;3778;759;760
DB01120	7422;6833
DB01121	6323
DB01122	43
DB01123	2147;11168
DB01124	213;6833;3758
DB01125	2677
DB01126	6715;6716;2741
DB01127	6916;4886;4318;6869;3620;6530;153;3356;140;1814;1595;4988;150;3358;3362;1812;6865;151;1586;10280;8856;6531;1131;1576;4985;1544;155;1132;135;3274;3357;134;1128;146;1129;1565;1557;4986;1815;1813;1559;6532
DB01128	5241;367
DB01129	2194;64772;495;151;140;1814
DB01130	2908
DB01131	1719
DB01132	55847;5468;5467;5465;8647;4129;760
DB01133	523;5770;4313
DB01135	1135;1129
DB01136	6582;152;7422;2697;6530;153;3356;3091;1814;3757;150;3358;3362;1812;3776;151;4718;6580;147;148;6531;54207;5243;155;3357;6401;3761;146;4879;3759;7412;154;1813;6532
DB01137	7153;7155
DB01138	4363;8856;116085;2357;1244
DB01140	9356;6565;9376
DB01142	152;6530;3356;1814;3757;150;3358;3362;1812;59340;151;3269;1133;147;148;10280;1131;3350;3274;1132;3357;1128;146;1129;6532
DB01143	251;5167;1814
DB01144	23632;11238;765;768;763;771;759;762;377677;766;760;761
DB01146	6531;3269
DB01148	1128;1129
DB01149	6531;150;6530;3356;5243;1813;1576;3757;147;3350;8647;3358;148;43;6532
DB01151	152;6331;6530;3356;153;3757;150;3358;151;3269;6580;1133;147;148;6531;1131;3350;1132;6609;1128;146;1129;1813;154;6532
DB01153	3620
DB01154	2554;3767;3764
DB01156	3359;89832;1136;6531;1134;6530;1557;1137;148;6532
DB01157	1719
DB01158	476
DB01159	2564;387129;2557;2556;3777;2566;4535;2559;3760;2562;54331;2567;27032;6010;2568;3763;2903;55879;2560;116444;3778;2558;2554;51305;2555;513;2561;116443;2741;2563;3783;2565
DB01160	10257;5734;5737;6578;5739
DB01161	3359;6531;57053;116443;6336
DB01162	152;146;151;81033;7040;90134;3757;147;150;148
DB01164	6284
DB01165	7153;7155
DB01166	1559;5139
DB01167	1576;1595
DB01168	4129;4128
DB01169	3725;7296;207;3065;1026;3551;595;5371;5594;5595
DB01170	6530
DB01171	3350;4129;4128
DB01172	2706
DB01173	6582;6530;3356;3757;150;3358;3362;6336;151;3269;1133;2902;116444;1131;1132;3274;3357;2906;1128;1565;1129;116443;6532
DB01174	2906;8856;89832;2905;2891;116443;116444;2904;2903;1137;2902;2554;2898
DB01175	152;1128;146;6531;151;6530;3356;3269;1813;147;3350;150;3358;148;6532
DB01176	3357;1128;1565;1129;146;6531;3356;1131;3269;1814;6783;1133;150;3358;1132
DB01177	7153
DB01178	706
DB01179	203068;2908;7153;1557;7277;1576;190;1559
DB01180	1636
DB01181	8856
DB01182	3357;10280;1565;3776;6331;6531;3358;3777;6530;153;3356;154;3757;1544;5243;3362;155
DB01183	2099;1565;4986;1066;140;4988;7099;2831;4985;1385
DB01184	6582;152;6530;3356;1814;3757;4988;150;3358;151;3269;316;6256;3357;55244;146;4986;1813;6532
DB01185	2099;5618;2908;3291;367
DB01186	152;3356;1814;3757;150;3358;3362;1812;151;147;148;1816;3350;3357;146;1565;1815;1813;3352;3351
DB01188	3091;476
DB01189	2564;3736;2556;2557;2566;4535;2559;2562;2567;27032;2568;55879;2890;2560;2558;2554;2555;513;2561;2741;2563;2565
DB01191	3357;10280;3358;6532
DB01192	4985;4988;4986
DB01193	154;153
DB01194	23632;11238;765;768;763;771;759;762;377677;766;760;761
DB01195	6331;6262;6329;3757
DB01196	2099;2100;4133;4130
DB01197	5972;623;4318;59272;4048;1636;2147;4313
DB01198	706;2556;2558;2554;2555
DB01199	10257;3359;55244;89832;1136;1135;43
DB01200	152;153;3356;1814;150;3358;3362;1812;151;147;148;1816;1576;3350;5243;3357;146;3363;1815;154;1813;3352;3351
DB01201	8647
DB01202	9900;774
DB01203	155;154;153
DB01204	1132;4363;1128;55244;1129;6098;2534;2064;7153;6530;65975;28234;695;3757;1956;3358;146802
DB01205	2562;2564;2567;2557;2556;2561;2568;2560;2563;2558;2566;55879;2554;2559;2565;2555
DB01206	81551
DB01208	7153
DB01209	4988;4986
DB01210	10280;6532;153;154;155
DB01211	10599;28234;1576;3757;5243
DB01212	55867;9356;6564;1610;9376
DB01213	124;847;125;126
DB01214	154;153
DB01215	2564;2557;2556;2566;2559;2562;2567;2568;2569;55879;200959;2560;2558;2554;2555;2561;2570;2563;2565
DB01216	1557;6716;6715;6718;1559
DB01217	54657;1588
DB01218	3757
DB01219	55847;6261
DB01220	8856
DB01221	3359;6869;6530;3356;4988;3355;3358;3354;1133;2902;775;590;1131;4985;3350;1132;4842;3357;1128;1129;116443;4986;1813;3352;3351
DB01222	4306;2908;5241;4318;301
DB01223	134;5139;140;3066
DB01224	152;3359;6863;153;3356;1814;3757;3355;150;3358;3362;1812;151;3269;3354;1133;147;148;10280;1816;1131;3350;1132;3357;1128;146;1129;3363;1815;154;3005;1813;3352;3351;6532
DB01225	462;2159
DB01226	1131;590;1135;1129
DB01227	4988;1143;1136;3757
DB01228	6331
DB01229	64127;6865;81027;8856;10599;10381;4134;886;3690;4133;10461;28234;596;4137;4985;5243
DB01230	6531
DB01231	10280;1128;1565;1129;3356;1131;1813;1814;1133;1132
DB01232	6916;6865;552;4986;4988;1814;1576;4985;8647;5243
DB01233	3357;3359;1128;1565;3356;1813;1814;3360;150;3358;4353
DB01234	5319;4306;8856;2908;5241;4843;190;301;367;5743
DB01235	1816;2534;1815;3932;1813;1814;1956;11168;1812
DB01236	2564;3736;2556;2557;2566;4535;2559;2562;2567;27032;2568;55879;2890;2560;2558;2554;2555;513;2561;2741;2563;2565
DB01237	3269
DB01238	152;3359;2905;6530;153;3356;2904;1814;3757;11255;4988;150;3358;3362;1812;59340;151;2903;3269;3361;3354;1133;2902;147;148;1816;6531;116444;1131;5582;4985;3350;5243;3274;1132;3357;2906;1128;1129;3363;116443;1815;4986;1813;3005;154;3352;3351;6532
DB01239	3357;1816;1128;1129;3356;1131;3269;1814;1813;1133;3358;3362;1812;1132
DB01240	64805;5740;5739
DB01241	5465;55847;1558;10599;28234;11309;7276;1559;9376
DB01242	152;6530;3356;1814;150;3358;3362;1812;151;3269;1133;148;10280;6531;1131;1132;3274;3357;2950;1128;146;1129;1565;1813;6532
DB01243	246;239;240;4986
DB01244	3784;476;6331;9254;5136;7134;773;5153;808;3757;8912;1559;775
DB01245	1137;1135;11255;1141;43
DB01246	3269
DB01247	4129;4128
DB01248	64127;81027;8856;3832;2692;4134;4133;596;4137;1956
DB01250	3458;7172
DB01251	10257;6833;3764
DB01253	3357;151;3356;148;1813;1814;150;3358;3362;1812
DB01254	2065;2261;9212;613;11183;4215;673;2046;10746;558;79858;2043;660;6850;7444;93;9448;2048;5894;6885;23387;2050;9088;6789;51135;8476;3055;7016;2260;780;7046;285220;9578;1969;6790;140901;23235;1432;8013;6714;2534;1760;5600;494551;5605;55561;440275;5607;8444;5586;51765;10494;51776;2042;9748;3984;1576;9344;6725;2263;9175;4216;7006;2041;3932;5979;1956;3815;7465;150094;7525;4067;2066;3702;2242;10188;4294;27148;3985;3717;1436;388228;5871;658;50488;5471;2051;6793;3718;1454;2268;2064;27;3791;8491;2044;23043;92;4921;10733;5156;695;657;3312;5753;85366;94;2047;2322;5604;640;2580;2444;2049;7297;25989;7048;8767;90;11184;80122;51701;57551;2321;7294;51086;1445;91;56997;5159;4751;25;4661;51347;6777
DB01255	134864
DB01257	727
DB01259	2065;8767;5288;5607;2064;9748;5298;2066;9212;5287;5979;1576;3757;5159;1956;8647;6793;5609
DB01260	2908
DB01261	91039;2191;1803;54878
DB01262	1786
DB01263	1584;1588;1585;1576;1586;1559;8647
DB01267	152;6863;153;3356;1814;3757;150;3358;1812;151;3269;147;148;3350;3363;1815;154;1813;3352;3351
DB01268	7301;255239;7075;2261;9641;57172;9212;815;1456;11183;4215;3757;8999;10746;1859;5588;558;8576;29110;5563;85443;54861;5127;10298;140609;4751;9448;5587;6197;5602;57396;4293;83942;340156;25778;6885;2050;57144;25865;8899;84446;9874;51135;6789;1195;3055;28996;2260;5598;780;285220;817;6790;140901;9113;23235;26576;6714;9943;23678;1455;11329;23604;9891;9263;8408;5606;5608;5129;9128;2534;2045;415116;5605;440275;6198;55781;5260;5607;10114;122011;53904;5586;51765;8396;6011;10494;4916;80351;9934;9475;8788;43;2042;1022;10645;9748;8737;5562;6733;11213;2868;1147;659;5218;1457;7272;2263;3716;9175;9262;5170;4139;4216;3932;1459;5979;6732;23012;3480;2011;818;1956;9833;208;2081;2241;7465;7786;8394;1612;9252;150094;7525;22858;1196;3702;4067;2872;2242;814;27347;1111;10188;3717;81788;55589;100130827;3654;5128;9024;1436;9706;388228;3645;1019;57118;2324;50488;6093;8445;147746;56924;5871;83732;2051;658;8986;91807;6793;11040;4233;3718;1454;2268;27;6788;3791;8491;6195;2044;23043;816;4058;1452;4921;9201;11011;10733;22983;5156;389840;5601;4914;5585;8780;6196;695;131890;4145;1613;5753;4915;4296;85366;5063;4638;65975;30811;2047;4140;3643;6794;8569;2322;204851;5604;640;2580;10769;3815;2264;8428;2185;6580;2444;8536;57787;7297;1453;9149;25989;11113;238;27330;26524;4593;11184;80122;120892;22848;1020;53944;84254;11200;5578;57551;23683;2321;166614;5261;5747;5610;10461;167359;6795;6416;140469;5159;8711;25;51347
DB01269	1956
DB01270	7422
DB01271	10226
DB01272	4074
DB01273	1136;89832;8973;1137;1141
DB01274	155;154;153
DB01275	3091;8639;4353;5033
DB01276	2740
DB01277	3482;3486;3643;3480
DB01278	10267;10268;799;10266
DB01279	10226
DB01280	5422
DB01281	941;942
DB01282	552;554;5021
DB01283	5742;5743
DB01284	4158;4160
DB01285	4158;1392
DB01288	155;154;153
DB01291	154;153
DB01296	4318;7124;3458;4791
DB01297	154;153
DB01303	134;3066;5141;5139;135
DB01306	3643;3480
DB01307	3643;3480
DB01309	3643;3480
DB01320	6331
DB01324	6559
DB01325	6557;6558;6559;759;760
DB01326	55867;9356;9376
DB01327	3600;55867;5444;9356;3558;9376
DB01329	55867;9356;9376
DB01333	6564
DB01336	1135;1129
DB01337	1131;1135;1129
DB01338	1131;1135;1129
DB01339	6582;55244;1135
DB01340	1636
DB01345	476
DB01346	3775;6331;2891;2554;2555
DB01348	1636
DB01351	89832;2557;2556;2891;1137;2898;2558;2554;2559;2555
DB01353	89832;2557;2556;2891;1137;2898;2558;2554;2559;2555
DB01357	2099;6530;6532
DB01359	3350;3351;154;153
DB01364	6571;43;6530;148
DB01365	152;146;151;153;154;147;150;148;155
DB01366	154
DB01367	590;596;43;4129;4128
DB01370	351;476;7018;3816
DB01378	476
DB01380	2908
DB01381	2561;6530;2741;5320;2566;2554
DB01382	3758;6833
DB01390	768
DB01392	152;3767;3356;140;1814;3355;150;3358;3362;3768;3758;3766;151;147;148;3350;3772;3357;146;1565;3363;3770;3764;1813;3352;3351;6532
DB01393	8856;5467;5468;6256;6258;6257;5465
DB01394	203068
DB01395	4306;5241;367;2908
DB01396	6774;476;353189
DB01399	5742;5743
DB01400	43
DB01401	5742;5743
DB01403	152;3356;1814;150;3358;1812;151;3269;1133;147;148;1816;1131;1132;1128;146;1129;1815;1813
DB01404	196;3569;5743
DB01406	152;2099;6530;3356;140;1814;4988;1573;150;367;6865;5241;6347;6462;6531;1131;2798;1565;1558;2908;4986;1559;6532
DB01407	4803;153;154;7124;155
DB01409	1128;1129;1131;1133;1132
DB01410	2908
DB01418	79001
DB01419	5742;5743
DB01420	367;1586
DB01426	6331
DB01427	5140;7124;5142;5139
DB01428	2099;5241;367;2100
DB01430	476
DB01435	5742;5743
DB01436	7421;6530;6256;1594
DB01437	2562;2564;2567;2557;2556;2561;2568;2560;2563;2558;2566;55879;2554;2559;2565;2555
DB01438	6323
DB01440	79581;2560
DB01452	4988;4985;4986;1066
DB01544	2562;706;2557;2556;2558;2566;2554;2559;2555
DB01558	2564;2557;2556;2566;2559;2562;2567;2568;2569;55879;200959;2560;2558;2554;2555;2561;2570;2563;2565
DB01559	2562;2564;2567;2556;2570;2561;200959;2568;2569;2563;2560;2558;2566;2554;2565;2555
DB01576	6531;6571;6530;134864;147;148;6532
DB01577	152;10280;6531;6571;151;6530;134864;150;6570;4129;6532;4128
DB01579	6530;147;148
DB01580	155;154;153
DB01583	7067;7068
DB01586	55847;1646;151306;6554;9971
DB01587	706;2564;2560;2563;2554;2565
DB01588	2564;2557;2556;2566;2559;2562;2567;2568;2569;55879;200959;2560;2558;2554;2555;2561;2570;2563;2565
DB01589	2564;2557;2556;2566;2559;2562;2567;2568;2569;55879;200959;2560;2558;2554;2555;2561;2570;2563;2565
DB01590	8647;2475
DB01591	1128;1129;6331;1131;3757;1133;775;1132
DB01592	7037;79661;7018;252969;2237;5423;55869;3040;1356;2395;54583;51327;2495
DB01593	2023;3818;3827;2;333;866;3848;7284;4502;9973;7161;12;3697;3483;2147;7402;715;4489;26330;3868;4504;55869;5723;721;4830;3858;7167;3075;443;6406;3853;2099;6414;4255;226;5034;1356;1832;5052;348;732;3700;5858;7448;3053;3065;5267;9759;2934;2923;5265;55911;716;8542;3562;3698;351;6647;3728;5444;6278;334;6273;1915;3630;4318;8547;629;3861;1369;725;718;3849;1;623;3426;731;336;4193;6279;722;325;7018;713;3699;388697;3043;10572;2335;197;3250;117159;1191;79184;2165;2741;733;1370;337;727;5005;2161;7157;114770;6462;3512;3852;3857;6280;3040;7276;714;335;2243;142;183;199699;4350;10016
DB01595	2564;2557;2556;2566;2559;2562;2567;6323;2568;2569;55879;200959;2560;2558;2554;2555;2561;2570;2563;2565
DB01597	1800
DB01599	3249;1066;19
DB01600	842;837;834;836;838;5742;5743
DB01601	5243;1576;3757
DB01608	147;150;367;1812
DB01611	10280;146;1129;1131;51284;27346;3757;150;1132;54106
DB01612	4881
DB01613	4882;4881
DB01616	5346;3350;440503
DB01618	1128;3363;148;3356;3269;1813;3350;3358;3362
DB01619	3269
DB01620	3269;59340;9970
DB01621	3350;1813;1812;3356
DB01623	3356;1131;3362;3269;1813;1133;3358;148;1812
DB01624	1816;148;3356;3269;1813;150;3362;1812
DB01625	1131;58190;1132
DB01626	4129;4128
DB01628	5732;1432;5743
DB01632	353;54963;3251
DB01656	5141;5142;5144;5143
DB01698	152;56923;873;8644;150;43
DB01708	2099;2564;2905;2557;2556;2904;2566;866;2559;367;2562;2567;2568;6822;2903;3292;55879;2902;6462;10280;8856;2560;116444;2100;2558;6820;2554;2555;2906;2561;2539;151306;116443;2563;9970;5465;2565
DB01718	1759
DB01744	7442;162514;79054;8989
DB01839	2162
DB01956	2564;2557;2556;2904;2566;2559;2562;2567;2568;2550;55879;2742;2560;8001;2558;2554;2555;2561;2741;2563;2565
DB02266	5465;5742;1645;1646;5468;8644;7276;57016;367;4353;5743
DB02300	7421
DB02325	55256;2643;7124;2760;7919;191;51181;9588;8732;54;8200;5320;6035;1118;5645
DB02513	8989
DB02530	6539;9568;2556;200959;2569;6538;2628;2558;2550;2554;2559;6529
DB02546	3065;9734;51564;10013;79885;9611;9759;23476;4048;3066;83933;8841;55869;190;10014
DB02638	552;554;553
DB02659	5319;2172;9377;1066;4514;9971;4512;1339;1350;1329;1327;1345;2235;2104;1349;1340;1346;126;4513;151306;1351
DB02701	23408;683;23410;3939;142;22933
DB02772	51493;475;58;80834;4069
DB02789	6462;866;8856;6820
DB02893	10988
DB02925	6557
DB02959	3357;3363;3356;3350;3358
DB03017	2760;51228;23643;733;7436;5320;7099;4057;2864;5465;53831;3172;26279;128;338557
DB03085	2539
DB03088	279;280;7422;440021;10863;283;6355;7032;3060
DB03128	1128;89832;1129;8484;1131;1137;1133;43;1132
DB03147	7296;4704;1728;9131;35;1806;259307;27034;56605;51706;2671;2639;1610;2936;1738;7498;4835;3712;4129;51;4842;4128;5447;1727;34;2232
DB03166	2534;3932
DB03175	4069
DB03193	5465;26279;5467
DB03247	60490;5447;55312;54363;6446;1723;55163;51179;645;1806;8986;4842
DB03255	213;762;771;760;768;761
DB03310	2936;2946
DB03312	7083
DB03585	30814
DB03615	5034
DB03619	2950;6555;79631;151306;9971
DB03754	7422;1634;262;79661;124583
DB03756	165140;5468;6256;6720;6257;6258;5465
DB03766	10243
DB03793	9367;10247;6564;25824;1610
DB03796	5538;5375;2169;1558;27095;7097;6010;3906;23541;2167;3174;5467;5465;5047;2170;2171
DB03808	2147;5644;6768
DB03904	1499;383;760
DB03929	2902;6317;2741
DB04115	590;123228;1545;332;43
DB04173	2272
DB04209	3778;331;1259
DB04224	5375;5468;51228;6256;5467;5465
DB04272	635;4191;6037;8654;7371;259307;3704;353;58190;9146;4282;1431;231;1360;11157;9955;27232;59338;283;10673;6035;733;6714
DB04339	2950
DB04348	2172;1056;151306;6554;9971
DB04465	360203;51228;3958
DB04540	6097;6095;26253;9970;7421;5243
DB04564	3938
DB04571	3358;135;4128
DB04572	1555
DB04573	6462;2099;2100;866;6532
DB04574	2099;4363;10599;2100;412
DB04575	2099
DB04657	6389
DB04703	9212
DB04743	30814;4057;5742;4353;5743
DB04794	5319;1555;1576;1586;1595;23192
DB04813	6582;2099;152;6916;6530;140;1814;6581;4988;150;3358;146802;6865;1901;151;6580;8856;6531;2064;2100;135;3357;55244;3932;4170;1432;1956;5594
DB04815	4986
DB04817	5742
DB04820	1312;4129;4128
DB04821	4353;6531;6571;6530;3269;4129;6532;4128
DB04824	6462;2099;8856;7298;54600;9290;57468;9970
DB04825	808;6331;85366;3757
DB04832	4129;6532;4128
DB04834	1129
DB04835	643;1234
DB04837	3269
DB04838	1066;781
DB04839	2908;4988;367;354
DB04840	6530
DB04841	152;6530;8911;3356;774;140;1814;8912;3757;4988;150;3358;1573;1812;151;808;8913;3269;1133;10280;6531;1131;4985;1132;3357;1128;146;1565;4986;1813;1268;6532
DB04842	7494;3357;6863;786;153;2741;3356;3269;154;4987;3352;1813;3757;3351;3362;6532
DB04843	1131;1128
DB04844	6571;1813
DB04845	10381
DB04846	152;151;153;154;150;155
DB04854	10257;7498
DB04855	152;6331;153;783;3757;150;3760;3768;3776;7067;151;6546;776;782;784;147;775;148;785;3784;3761;3770;146;3759;779;3752;778
DB04861	6331;153;154;3757;155
DB04864	43
DB04865	6122
DB04868	3815;4915;7075;7525;23632;2534;4067;5600;762;3757;673;2047;2046;3717;768;3643;7535;2322;5607;640;1436;5599;660;2043;4916;51776;763;2444;2049;2051;7297;766;6793;760;4233;2048;5602;7010;2268;2042;57396;27;11184;5894;4835;2050;2044;79837;771;4921;765;1195;3055;57551;5156;2260;2263;5601;51086;780;1445;285220;9578;1969;3932;2041;5979;759;1432;5159;25;6714;51347;761
DB04871	3357;6532;3358;3356
DB04876	91039;2191;1803;54878
DB04880	5139
DB04890	3269
DB04895	8829
DB04896	2906;2905;6531;6530;116443;116444;2904;2903;2902;6532
DB04898	2147
DB04899	4882;4881;4883
DB04908	3350;1815;3356
DB04920	779;775;776;778
DB04930	6323;2099;8856
DB04931	4159;4160;4157;100;4161
DB04932	136;135;134
DB04938	2099
DB04941	1080;55107
DB04946	152;10280;3363;6531;6530;1815;3356;3362;3269;1813;1814;3352;3350;887;3358;148;1812
DB04948	152;3363;151;3352;3350;150;3358;148
DB04951	5045
DB04953	3785;3786;9132;56479
DB05013	5580;5578
DB05015	3065;9734;23476;10013;79885;51564;9759;3066;83933;8841;55869;10014
DB05018	2548;6476;178;8972;2717
DB05039	154;1814;153
DB05084	5745
DB05099	2243
DB05219	5150;5142;5136;5143;5144;5141
DB05239	5604;673
DB05246	8913
DB05260	526;6241;632;3553
DB05271	1816;151;1815;1813;1814;3350;1812
DB05294	7301;7075;2261;2065;5597;9212;11183;2046;2043;9448;2048;7010;23387;2050;51135;8476;3055;7016;2260;780;285220;9578;1969;25;140901;23235;1432;6714;2534;4486;2045;5605;55561;6198;5260;5607;51776;9475;2042;1022;5562;9748;6725;2263;4216;2041;3932;5979;1956;3815;7525;150094;2872;7422;4067;2066;79934;3654;1436;202374;5871;2324;658;50488;2051;6793;4233;1454;2268;2064;27;3791;8491;6195;2044;23043;4058;4921;10733;5156;695;5753;65975;30811;94;2047;8569;2322;5604;640;2580;2264;2444;25989;8767;11113;90;27330;238;11184;80122;120892;2321;5261;51086;1445;56997;10461;6795;5159;558;7294
DB05299	3558
DB05311	3818
DB05316	1813;3358;3356
DB05332	4352
DB05351	495;496;23576
DB05381	6571;3269;11255;59340;3274
DB05382	4540
DB05389	9332;10296
DB05521	1508;10599;5340;1514;1515;1513;1520;1991;11309;1215;1990
DB05541	55800;6334;6329;6331;6323;6335;6328;6324;6327;6326;6332;9900;11280;6336;6330
DB05578	3791
DB05630	7150
DB05676	5142
DB05679	51561;3593
DB05773	2064
DB05777	2153;2147
DB05812	1584;1589;1585;1576;1586
DB05829	5745;5746
DB05889	933
DB05990	9971;151306
DB06016	3357;1816;1815;3356;1813;1814;3269;3350;1812
DB06043	5156
DB06077	3356;2904;1813;1812;6532
DB06081	7450
DB06137	6714
DB06144	6863;153;3356;1814;3757;3355;3741;3358;3362;1812;3269;775;147;148;1131;3350;5243;146;3363;1815;154;1813;3352;3351;6532
DB06148	152;6530;3356;1814;3355;150;3358;3362;1812;59340;151;3269;1133;147;148;1816;6531;1131;3350;1132;3274;3357;1128;146;1129;3363;4986;1815;1813;3352;6532
DB06150	3362
DB06151	2906;3551;95;116443;2904;2903;2937;23657;1147;2902
DB06152	3455;8911
DB06153	3357;152;1128;146;1129;3363;151;3356;1131;1813;3269;3352;3351;147;3350;150;3358;148
DB06154	3043;3040
DB06155	10257;4363;1269;9290;1268;3757;1559
DB06168	3553
DB06174	6582;1559;10280;1557
DB06176	3065;4363;9734;23476;10013;79885;51564;9759;3066;83933;8841;55869;10014
DB06186	1493
DB06196	290;624
DB06201	2915;6335
DB06202	1269;2099;2100
DB06203	1803
DB06204	3359;6530;4986;4985;4988;6532
DB06205	7040
DB06207	147;148;146;3757
DB06209	64805
DB06210	4352;3757;11309
DB06211	775
DB06212	552;554
DB06213	136;134;135;140
DB06216	152;6863;153;3356;1814;150;3358;3362;1812;151;3269;3361;148;3350;3274;3357;3363;1815;154;1813;3352;3351;6532
DB06217	3741;6331;3752;3757
DB06218	23632;6335;11238;6328;765;768;763;771;759;762;377677;766;6336;760;761
DB06228	6768;2159
DB06230	4985;4988;4986
DB06237	8654
DB06243	4953
DB06249	2099;2100
DB06262	152;5053;8856;146;151;153;154;147;150;148;155
DB06267	8654
DB06268	1909;1910
DB06271	462;3053
DB06273	3570
DB06274	4985;4988;775;4986
DB06282	3269
DB06285	5745
DB06287	8647;2475
DB06288	3357;3363;3356;1813;1814;3352;3351;3362
DB06290	1520
DB06292	6523;6524;115584;6527
DB06317	57823
DB06335	91039;1803;54878
DB06343	3480
DB06366	2064
DB06372	3553;3552;3557
DB06401	2099;2100
DB06403	1909;1910
DB06404	715;2161;3818;5327;2147;716;2160
DB06410	7421
DB06412	367;4879
DB06413	6531;1813
DB06414	4363;9429;8714;5243;1244
DB06439	4023
DB06441	64805
DB06448	3486;2339;5243;3265
DB06480	11154;3359;3360
DB06589	7075;2261;57172;5298;9212;11183;673;23396;10746;8576;984;5599;728642;6850;5127;93;4751;9448;5602;7010;4293;5894;3055;2260;780;6790;23235;6714;1956;2534;5608;6098;55781;5607;43;1022;9748;8737;11213;3984;9344;6725;7272;2263;3932;5979;3480;341676;2241;10257;3815;4214;150094;7525;4067;3702;2242;10188;4294;27148;3985;3717;55589;3654;1436;5871;2324;658;2051;6793;4233;3718;2268;27;3791;8491;79837;23043;4058;4921;10733;5156;5601;2246;5753;4296;85366;10019;4140;2322;640;2580;2264;2444;8536;7297;7048;8767;238;11184;80122;22848;57551;51701;2321;7294;5747;5610;10461;6795;6416;5159;8711;25;51347
DB06594	3357;4544;3358;4543
DB06595	7075;2261;5288;9641;57172;9212;815;11183;4215;10746;1859;5588;558;8576;29110;5563;5599;6850;5592;9448;6197;5602;7010;5581;57396;4293;340156;83942;25778;6885;23387;25865;8899;6789;84446;1195;3055;28996;2260;780;817;6790;23235;9113;6714;26576;23678;23604;9891;9263;2534;5606;1760;5608;9128;415116;5613;6098;440275;7535;6198;55781;3551;5260;10114;5583;5586;8396;4916;6011;10494;80351;9475;5567;10645;9748;5562;6733;11213;2868;1147;1457;7272;5058;2263;3716;9262;9175;5170;4139;3932;5979;818;208;6732;2011;1956;9833;2241;3815;7465;8394;1612;2081;9252;7525;150094;1196;2872;4067;2066;22858;5580;1111;10188;4294;3717;81788;55589;9024;1436;202374;5871;57118;147746;50488;6093;2324;10000;8986;83732;2051;11040;91807;6793;4233;3718;2268;5593;6788;5566;3791;5292;8491;6195;23043;816;4058;22983;10733;5156;5601;4914;5585;6196;8780;1198;2932;131890;5062;1613;4915;4296;207;5063;4638;5290;65975;30811;4140;6794;2322;640;2580;5287;2185;2444;57787;8536;7297;9149;25989;238;27330;26524;23097;11184;80122;120892;22848;2931;84254;5578;23683;2321;5261;1445;5610;10461;6795;6416;5159;8711;25
DB06602	3567
DB06603	3065;9734;23476;10013;79885;51564;9759;3066;83933;8841;55869;10014
DB06605	2147;2159
DB06607	2212;916;2209;2215;4072;2214
DB06612	3567
DB06616	7301;255239;2065;7075;9641;613;815;11183;4215;2046;10746;5588;558;79858;29110;2043;660;85443;6850;7444;5127;9448;2048;6197;7010;5581;57396;4293;83942;25778;6885;23387;2050;9088;6789;27102;9874;51135;5609;1195;3055;28996;5598;780;285220;1969;140901;23235;26576;6714;9891;8408;4486;5606;1760;5608;2534;494551;5605;440275;6198;7535;5260;5607;10114;122011;53904;5586;51765;4916;10494;51776;5347;9475;2042;1022;10645;9748;5562;2868;659;5218;9344;6725;5058;9175;4216;7006;2041;3932;5979;818;1956;65061;2241;3815;7465;7786;8394;4214;150094;7525;1196;5580;3702;2066;4067;2242;27347;1111;10188;27148;3717;81788;55589;3654;1436;9706;202374;57118;147746;5871;50488;6093;83732;2051;6793;4233;3718;1454;2268;2064;27;6788;8491;2044;23043;4058;1452;4921;11011;22983;5156;4914;5585;8780;6196;1198;695;131890;4145;5062;4915;4296;1017;5063;4638;65975;30811;2047;2322;204851;5604;640;2580;10769;8428;2185;2444;2049;1453;7297;25989;8573;8767;11113;238;27330;11184;80122;120892;22848;11200;57551;23683;51701;5261;7294;51086;1445;5747;10461;167359;6416;140469;5159;4751;25;51347
DB06626	255239;7075;2261;9212;11183;4215;8999;8576;5599;5127;10298;93;9448;5602;7010;4293;6789;7016;2260;780;9578;6790;25;26576;5605;6098;5607;53904;5586;51776;10645;9748;8737;2868;7272;2263;4216;3932;5979;6732;1956;3815;7786;7525;150094;3702;1111;10188;3717;81788;55589;3654;1436;9706;1459;5871;2324;658;50488;83732;2051;91807;6793;4233;3718;2268;27;6788;3791;8491;23043;4921;10733;5156;4914;8780;85366;30811;2322;5604;640;2580;7297;25989;8767;11184;80122;120892;22848;84254;2321;1445;5610;10461;6795;5159;8711;558;7294
DB06637	3751;3737;3736;3748;9312;3746;3743;3741;3747;3752;3742;3745;3750;3739;3744;3738
DB06643	8600
DB06650	931
DB06654	4129
DB06655	2740
DB06663	6755;6751;6752;6753
DB06674	7124
DB06681	941;942
DB06684	3350;1813;6532
DB06688	55
DB06689	2168;2161
DB06691	3357;10280;1565;6531;3356;140;3269;3757;150;3358;6532
DB06692	5340;3816;1504;5644
DB06694	152;146;150;151;3352;147;3351;148
DB06695	2147
DB06698	134864;3269;11255
DB06699	2798
DB06700	6531;6530;6532
DB06701	6531;6530;6532
DB06702	1128;1129;1131;1133;1132
DB06706	6571;148
DB06707	152;150;151
DB06708	3757
DB06709	1131;1132;8484;1129
DB06710	6462;2099;367;2908
DB06711	152;11188;134864;150;148
DB06712	8856;781;55799;779;783;776;775
DB06713	5241;367;213
DB06714	134864;6571
DB06716	2562;2561
DB06718	2099;1565;1557;140;1559;367
DB06719	2798;3973
DB06720	2629
DB06725	5742;8647;5743
DB06729	1559
DB06736	7276;5594;5742;5743
DB06742	1565;6532;2629
DB06751	5141;775
DB06752	5553
DB06754	462
DB06755	28234;10599
DB06756	596
DB06757	3419;7018;3421;10454;383
DB06762	10060
DB06764	134864;148
DB06766	3269
DB06769	3065;10013;3066;83933;8841;55869
DB06772	81027;7277
DB06773	87
DB06774	5742;7442;1544;11331
DB06775	1373
DB06777	6555;8856;1646;151306;9971
DB06779	7422;7035;462;6403
DB06780	4306
DB06781	2908
DB06782	351;8856
DB06785	2798
DB06786	2908;6608
DB06787	1131;1132;1128;1129
DB06788	2798
DB06789	5241
DB06791	6755;6752
DB06794	2859
DB06795	23632;765;768;762;771;759;766;760
DB06800	4985;4988;4986
DB06802	5742;5743
DB06803	6714;6774;3717
DB06804	28234;10599
DB06809	729230;7852
DB06813	113235;7298;6573;2348;1719
DB06814	154
DB06817	1230
DB06820	152;6916;2534;6530;3620;3356;140;1814;9971;150;3358;6865;151;1133;6531;1131;1576;1544;1132;3357;1128;1565;1557;1559;6532
DB06822	6387;462;3676
DB06825	2798
DB07776	1545;1803;1588;2101;142;2103;768;80351;771;759;8658;1956;367;760
DB08329	23632;11238;765;768;763;771;759;762;766;760
DB08439	4057;5743
DB08604	8856;5468;873;9970;7173;367
DB08799	134864;3269
DB08801	1128;1129;1131;3269;1133;1132
DB08804	367
DB08809	2954;5163
DB08813	4609;462;6403;2353
DB08814	5742;10846;4843;4790
DB08815	152;3363;3356;1813;3350;150
DB08816	64805
DB08818	22927;55576;1404;960;1463;708;3383;50939;3026;7130;143903;404037;1462;145864;3161
DB08819	5737
DB08820	1080
DB08822	185
DB08827	4547
DB08828	6469;213;6608
DB08860	3683;3156
DB08862	5579;1950;886;5894;887;5595
DB08864	8856
DB08865	7301;255239;7075;2261;9641;9212;11183;4215;8999;2046;10746;984;29110;2043;660;728642;6850;91754;140609;5587;7010;3636;25778;6885;2050;6789;51135;7016;5598;780;7046;285220;1969;25;6790;140901;23235;6714;26576;8408;4486;5606;1760;2534;2045;6098;7535;6198;3551;51765;4916;9475;2042;1022;10645;9748;8737;5562;11213;2868;3984;51347;9344;3716;9175;2041;3932;5979;6732;3480;1956;2241;3815;8394;7786;4214;7525;4067;3702;2242;79934;10188;3717;3985;81788;55589;100130827;3654;1436;9706;388228;5871;3645;147746;658;50488;8445;6093;83732;2051;6793;4233;3718;2268;27;6788;8491;2044;9201;4058;10733;389840;4914;8780;695;4915;2047;3643;2322;640;2185;2444;7297;25989;8573;8767;90;238;4593;11184;80122;22848;57551;23683;2321;166614;51086;91;5747;5610;10461;167359;6795;8711;558;7294
DB08867	2908;5241;367
DB08868	3065;1901;8698;53637;1903
DB08869	2692
DB08870	943
DB08871	81027;596
DB08872	9254;781
DB08873	1508;8722;1514;1515;1513;1520;1215
DB08875	4233;3815;2321;2322;2260;7010;4486;3791;6790;5979;1956;558;6714
DB08877	255239;9641;57172;5298;815;4215;673;10746;1859;8576;29110;5599;85443;7444;10298;140609;5581;57396;6885;23387;57144;28996;817;26576;9943;1263;23604;9263;8408;5606;1760;5605;55781;3551;5260;10114;51765;4916;6011;10494;5347;9475;2042;1022;2868;659;9344;1457;7272;3716;9262;5979;6732;818;2011;9833;2081;3815;4214;1612;9252;1196;2872;27347;4752;10188;3717;81788;55589;100130827;3654;388228;9706;1459;5871;57118;658;6093;8445;56924;8986;83732;2051;3718;5593;6195;816;4058;1452;9201;22983;10733;389840;4914;8780;6196;131890;1613;4915;4638;204851;5604;2580;10769;8536;7297;25989;8573;238;27330;80122;120892;22848;57551;166614;5261;6795;6416;25;51347
DB08879	10673
DB08880	1723;1719
DB08881	5894;3791;1131;51776;2235;369;673
DB08882	1803;1128;2191
DB08883	2890
DB08885	7422;7423;5228
DB08888	2;2335;5345
DB08889	9446;5699;5696;5698;5693;5689;5690
DB08890	2984
DB08893	155
DB08894	2057
DB08895	2534;2872;1760;5580;815;3717;81788;55589;85443;5871;5586;57118;6093;8536;9475;7297;25989;3718;27330;6788;120892;6195;9201;3716;5585;6196;3932;817;5979;131890;8711;25
DB08896	3815;5600;673;2324;2444;7010;5894;3791;2053;4921;2263;5156;2321;2260;4914;2741;1969;5979;5159;25
DB08897	1128;1129;1131;1133;1132
DB08899	367
DB08900	9340
DB08901	2263;3815;5156;2321;2260;2261;8767;2322;7010;4067;613;3932;3791;2264;5979;5159;25;6714
DB08903	3757
DB08904	7124
DB08905	1588
DB08906	2908;5241;4306
DB08907	6524;6523
DB08908	5970;9817
DB08910	51185;7124;5743;3553
DB08911	5605;5604
DB08912	150094;79858;7046;5894;3984;369;673;3845
DB08916	2065;9263;2872;2066;1859;558;8569;2322;5260;3654;5607;640;388228;2580;147746;8445;2444;2051;6793;9149;4233;1454;5602;8767;11113;2064;27330;9748;3055;5261;5601;285220;3932;1432;1956;25;6714;7294
DB08918	6531;6530;6532
DB08930	6582
DB08931	2977
DB08932	1909;1910
DB08934	1576
DB08935	931
DB08936	3269
DB08943	1586
DB08949	338442;8843
DB08950	152;146;151;147;150;148
DB08964	5732;5733
DB08981	842;837;834;836;838
DB08985	8484
DB08995	9212;196
DB09016	6531;6530;3356;3269;6532
DB09019	10280;1565;6532
DB09020	6531;4986;1559;9290
DB09026	5972
DB09029	3605
DB09030	2149
DB09031	207;5243;3074
DB09033	3695;3676
DB09034	3061;3062
DB09035	5133
DB09036	3569
DB09037	5133
DB09038	6524;6523
DB09039	7357
DB09041	759;760
DB09042	4128
DB09043	2740
DB09045	2740
DB09046	3953
DB09047	7153
DB09048	6869
DB09049	4988
DB09052	930;915
DB09053	5753;2241;7525;2534;4067;2066;3702;3757;640;660;3718;2268;2064;2263;3055;1558;1445;84293;3932;7006;5979;695;1956;25;6714;1559;7294
DB09054	5294;5293;5290;5289;5591;5291
DB09055	338442
DB09059	552;554;5021;553
DB09061	3359;3620;9290;1728;8911;2841;1577;3356;8912;4988;1543;7416;38;27163;5468;1545;2835;8913;2876;1586;8989;7442;2743;2936;79054;1269;3156;8001;5742;3350;4985;1544;134;51393;89832;6647;1565;1551;162514;2741;59341;1268;847;5743
DB09063	3815;4915;2261;1017;2872;4067;3757;3717;3643;6098;7535;2322;1019;2264;6850;9475;4233;3718;2268;238;83942;3791;2120;2263;5156;3716;4914;3932;5979;3480;695;1956;25;6714
DB09064	5465
DB09065	1576;1565
DB09066	2492
DB09067	1394
DB09068	3359;3363;6530;153;3350;3351;6532
DB09069	30;58190;200315;60489
DB09070	2099;1557;6532
DB09071	4544;4543
DB09073	1017;4486;1196;11183;1111;1859;5613;1021;2322;1019;5599;5871;10298;9475;9149;9448;3718;4233;6197;238;57396;5562;595;1613;120892;1020;57551;23683;5601;5979;4751;1025
DB09074	84875;143;56965;10038;142;80351;8658;54956;10039
DB09075	2159
DB09076	1128;1129;1131;1133;1132
DB09078	2263;3815;5156;2321;2260;2261;2324;3791;2264;5979
DB09079	7301;7075;2261;9641;57172;9212;815;11183;4215;3757;8999;10746;5588;558;8576;29110;5563;5599;85443;5592;5127;10298;9448;5587;6197;5602;7010;57396;4293;340156;83942;6885;2050;57144;8899;25865;6789;51135;1195;3055;28996;2260;5598;780;7046;285220;1969;140901;9113;23235;6714;26576;9943;23678;23604;9891;5129;9263;5606;8408;2534;5605;6098;440275;7535;6198;5260;10114;5607;5586;8396;51765;4916;6011;2042;1022;10645;9748;8737;5562;6733;11213;2868;1147;5218;659;1457;7272;2263;3716;9262;9175;5170;4139;2041;3932;5979;6732;3480;2011;9833;2241;3815;7465;7786;8394;2081;9252;7525;150094;1196;22858;4067;3702;2242;814;27347;1111;10188;4294;3717;81788;55589;100130827;3654;5128;1436;9706;1459;5871;57118;3645;147746;388228;1019;50488;2324;8986;83732;2051;91807;6793;4233;1454;3718;2268;27;6788;3791;8491;6195;23043;9201;4058;4921;22983;10733;5156;389840;4914;5585;6196;8780;2932;695;131890;5062;1613;4915;4296;1017;85366;5063;4638;65975;94;2047;4140;3643;6794;2322;204851;5604;640;2264;8428;2185;1453;2444;57787;7297;8536;9149;25989;90;27330;238;26524;4593;11184;80122;120892;22848;2931;84254;23683;2321;5261;91;5747;10461;6795;6416;140469;5159;8711;25;7294
DB09080	154
DB09082	154
DB09083	10021;610
DB09085	10280;6334;6329;6331;6323;6262;3356;6335;6328;6326;6332;11280;3358;6261;6336;4128
DB09086	2100;2099;367;162514
DB09088	6334;6329;6331;6323;6335;6328;6326;6332;11280;6336
DB09089	8911;3781;783;8912;3782;4988;3780;8913;776;782;784;775;10242;773;27345;1131;785;3778;1132;27094;1128;1129;779;3779;3783;778
DB09090	779;775
DB09091	2908;3066
DB09092	3419;4191;2597;23530;4967;6122
DB09095	2908;306
DB09097	1813;1816;1812
DB09098	2690;3480
DB09099	6754;6752;6751;6755;6753
DB09102	1576
DB09103	3815
DB09105	1901
DB09107	2057
DB09108	7450
DB09109	2147;2158;2159
DB09112	4151;3043;3040
DB09115	2534;2064;3932;140;1432;1956;5594;5595
DB09116	222
DB09118	2562;2564;3945;2567;2557;2556;2561;3939;2568;2560;2563;2558;2566;55879;2554;2559;2565;2555
DB09119	5025
DB09120	7442
DB09121	108;107;111
DB09123	5241;367
DB09124	5241
DB09126	3973
DB09128	152;3356;1813;3350;147
DB09129	3643
DB09130	2023;3827;5621;333;866;3848;3483;3939;71;2147;5720;5223;5473;5176;708;567;6426;811;721;2821;4830;3858;3075;350;3320;6782;5034;735;8347;3692;3181;5037;5052;6906;348;4060;732;345;3856;7448;3053;87;7358;2936;116844;5267;252969;6866;173;2934;2923;5265;55911;716;3698;3329;351;563;307;5444;3064;6273;1915;3419;347;1072;3921;7184;5054;718;1192;3849;1;3068;2597;9588;10399;6187;3426;6341;462;6275;336;10728;6279;722;5315;308;325;7018;3191;3187;5345;3043;197;5230;341208;344;3250;7001;95;1191;2741;23468;5478;3312;3309;3543;7123;337;727;6622;5902;6421;191;1973;2937;10963;10327;79661;114770;11315;8175;3375;203068;2805;5340;3857;627;7086;3008;3040;7529;7276;710;714;335;1727;3189;183
DB09131	5624;1476
DB09140	27035;4512;3043;3040
DB09141	462;2159
DB09142	887;886
DB09143	6608
DB09146	3040
DB09148	351
DB09149	351
DB09151	351
DB09154	762
DB09167	152;1132;1128;146;1129;147;151;6530;3356;1131;3269;1133;3350;150;148;6532
DB09185	6531;6530
DB09195	152;146;151;3356;3269;147;150;3358;148;6532
DB09205	152;146;151;147;150;148
DB09209	4988;4985;4986
DB09212	5742;5743
DB09213	7056;5742;2169;998;5468;2811;596;5327;1080;6278;6564;5465;5743
DB09214	5742;5743
DB09216	5319;5742;8644;7276;23192;5743
DB09220	10060
DB09225	6863;6530;153;3356;1814;3358;3362;1812;3269;1133;148;1816;1131;3350;1132;3363;1815;154;1813;3352;3351;6532
DB09228	715;2161;3818;5327;2147;716;2160
DB09236	6916;775;773;1557;6530;140;779;1814;785;1576;783;776;782;1559;778;784
DB09237	4843;775;4846;776
DB09238	775;773;8911;8913;779;783;785;8912;776;782;784;778;5243
DB09241	351;4128;2977;4137;4842
DB09242	152;150;11188
DB09256	7298
DB09257	1806
DB09258	462;3053;2159
DB09265	2740
DB09266	4360
DB09270	4731;6389
DB09272	4988;4985;4986
DB09280	1080
DB09282	2977
DB09291	6869
DB09292	4311
DB09300	1131;1129
DB09301	7422;6347;627;2668
DB09302	255738
DB09310	2165
DB09317	2099
DB09318	2099
DB09327	1806;7298
DB09329	7450
DB09330	1956;2065;3643;3757
DB09331	952
DB09332	5624;2677;5627;2147;2158;2155;2159
DB09333	1735
DB09334	4158
DB09336	931;4072
DB09342	6334;6329;6331;6323;6335;6328;6326;6332;11280;6336
DB09343	1890
DB09345	10280;6334;6329;6331;6323;6335;6328;6326;6332;11280;6336
DB09350	1576
DB09351	153
DB09369	2099
DB09371	6462;2099;367
DB09389	5241;6715;367
DB09401	4170;596;598
DB09409	2906;2905;116443;116444;2904;2903;2902
DB09418	6528
DB09421	7201
DB09422	5465
DB09460	759;760;762;768
DB09462	2950;9061;4668;375;3708;7048;27306;51477;1787;125;5467;30814;5047
DB09472	759;760
DB09477	623;1636
DB09481	2906;2905;116443;116444;2904;2903;2902
DB09488	3269
DB09517	2512;3043;3040
DB09526	771;7299;760;761
DB09532	6344
DB09535	2099;2100
DB09536	8685
DB09539	6720
DB09552	528
DB09555	3269
DB09559	1956
DB09564	3643;3480
DB09568	4023;1892;6785;3028;3033;84649
DB09570	5693;5689;5690
DB09571	134864
DB10770	2263;7048;2321;3458;3569;1438;7040;2246;5159;3554;7124
DB10772	2263;7048;5156;3458;3569;7422;1438;7040;3553;1956;7124;2246
DB11059	6513
DB11064	5241;2099;367
DB11071	5742;5743
DB11075	4072
DB11077	5167;10553
DB11079	5742;5743
DB11081	2746
DB11085	11238;763;771;7173;760
DB11087	8856
DB11090	3757
DB11093	9378;821;6717;2201;7178;794;4925;553115;4924;808;808;125972;6284;6277;84467;845;23413;10519;140576;6678;811;25801;8618;11261;828;844;10518;808;6285;93664;9104;10016;846
DB11094	2638;7421
DB11113	5734;5733
DB11120	5594
DB11121	3357;4128
DB11124	152;146;151;153;154;147;150;148;155
DB11130	4988;4985;4986
DB11131	7442
DB11132	8685
DB11133	5468;5465;6720
DB11136	1528
DB11145	10988;1312
DB11148	27092;59285;3767;55799;8911;774;783;8912;3768;3758;786;3766;8913;8989;782;784;775;776;773;93589;10369;785;3772;59284;777;3770;9254;3764;781;59341;779;10368;59283;778;27091
DB11155	2053;114548;2052
DB11156	1128;2859
DB11157	23408;3859;3849;240;3249;9479
DB11160	1813;1816;1812;1815
DB11166	2147;2159
DB11181	1128;1129;1131;1133;1132
DB11186	10280;6334;1128;5547;1129;6331;6323;6329;11280;4986;6335;6328;6326;6580;3757;6332;4988;6336
DB11193	7099
DB11201	5742;5743
DB11217	7299
DB11219	2099;8856;5241;2100;367
DB11221	6462
DB11235	1128;1129;1131;3269;1133;1132
DB11254	7052;240;7299;7150
DB11273	152;3359;153;3356;3360;170572;3355;150;3358;3362;285242;151;3354;147;148;200909;3350;155;3357;146;3363;9177;154;3352;3351
DB11274	1813;1814;1816;1812
DB11275	1816;1815;1813;1814;1812
DB11278	152;146;151;153;154;147;150;148;155
DB11285	4129
DB11294	3122;3123;3127;3126;3125;3105
DB11300	2149;2243;2165;2153;9002;2157;2162;2244;2160;2266
DB11311	2162;1361;2244;2243
DB11315	1128;1129;1131;1133;1132
DB11323	5742;5743
DB11327	4843;5743
DB11328	10544
DB11338	7412;3627;1277;1438
DB11348	9378;821;6717;2201;7178;794;4925;553115;4924;808;808;125972;6284;6277;84467;845;23413;10519;140576;6678;811;25801;8618;11261;828;844;10518;808;6285;93664;9104;10016;846
DB11359	213;760
DB11362	5739;5729
DB11363	238;5979;3791;6098
DB11386	3757
DB11496	7173
DB11560	55867;116085
DB11569	3605
DB11571	2243;2165;2153;2157;2162;2244;2160;2266
DB11572	2243;2165;2153;2157;2162;2244;2160;2266
DB11577	152;146;196;151;147;150;148
DB11580	727
DB11581	599;596;598
DB11584	1816;1812
DB11587	154
DB11588	4151
DB11590	486;23657;4548
DB11591	3269
DB11595	29126
DB11598	462
DB11601	7097
DB11605	5465;8856;9971
DB11606	7450
DB11607	7450
DB11611	3383;1559;3683
DB11614	3269;5724
DB11619	6462;2099;2908;5241;367;2798
DB11626	7132;7133
DB11629	5733;11251;5732;5731;6915;5729;5737;5739
DB11632	1312
DB11633	3784;3767;6331;3765;3763;3752;3757;3741;775
DB11635	5243
DB11639	659;657
DB11640	3736
DB11641	203068
DB11642	3269;3757;11255
DB11644	7276;213
DB11652	2064
DB11653	4159;4158;4160;4157;4161
DB11660	5737
DB11672	2950;351;55847;2033;5468;54106;10057;9536;3294;873;7421;4137;2152;1956;4128
DB11689	1956;5605;5604
DB11691	4988;4985;4986
DB11699	3359;89832;3360;1133;3350;6532
DB11703	695
DB11712	1080
DB11714	941;29126
DB11718	595;1432;673
DB11730	1019;1021
DB11732	3355
DB11738	152;151;11188;150;148
DB11742	152;2534;6530;3356;140;1814;3757;150;3358;3362;1812;6865;151;3269;1133;43;6531;2064;1131;3350;5243;1132;3274;155;3357;1128;146;1129;1815;1813;1956;6532
DB11753	28234;8647;11309;10599
DB11757	136;134;135;140
DB11760	10038;142
DB11761	6550
DB11767	2213;3570;2212;2209;2215;2214
DB11791	4233
DB11793	84875;143;54625;10038;142;64761;80351;8658;10039
DB11800	5156;2321;2048;2324;3791
DB11815	4843;4846;4842
DB11817	3718;3716;2185;7297;3717
DB11823	2906;4915;2905;627;116443;116444;2904;2903;1938;2902
DB11827	6524;6523;6527
DB11828	7075;2065;1456;11183;4215;10746;5599;6850;5127;9448;5587;5602;7010;4293;25778;25865;6789;5609;3055;25;140901;23235;6714;1455;9891;9263;4486;2534;494551;5605;440275;5607;51765;10494;51776;1022;9748;5058;9262;9175;4216;3932;1956;9833;2241;7465;7786;7525;150094;4067;2066;2242;4752;1111;10188;4294;27148;81788;3654;1436;5871;57118;3645;147746;50488;56924;2051;6793;4233;1454;3718;2268;2064;6788;3791;8491;6195;23043;22983;6196;695;5062;4296;65975;3643;2322;5604;640;2580;55351;8428;2185;11184;80122;11200;23683;7294;1445;5747;10461;4751;558;51347
DB11834	51561
DB11837	1585;1584;1588;1586
DB11842	186;185
DB11853	2798
DB11855	1128;1129;1131;1133;1132
DB11859	2562;2564;2567;2557;2556;2561;2568;2560;2563;2558;2566;55879;2554;2559;2565;2555
DB11866	50964
DB11901	2562;2564;2567;2557;2556;2561;2568;2560;2563;2565;2558;2566;55879;2554;2559;367;2555
DB11921	2908
DB11932	1237;1234
DB11942	7514
DB11945	29126
DB11951	3061;3062;3757
DB11952	5293;5294
DB11963	3718;2064;2066;3932;1956;6714
DB11967	4214;3569;3553;5605;7124
DB11978	6608
DB11979	2798
DB11986	5753;2241;4915;3815;2261;2534;4486;2869;1196;4067;9212;11183;10188;3717;3643;5588;6098;2322;29110;640;1436;5871;5586;57118;6850;2324;4916;2444;9448;4233;3718;6197;238;1022;5562;9748;6788;57396;3791;5582;120892;4058;10733;57551;28996;2321;2260;3716;4914;5747;3932;6790;5979;25;3480;695;558;6714;1613
DB11988	931
DB11994	10257;10062;1565;836;1551;1571;240;1577;7376;1576;1559;64816;1544;27163
DB11995	4352;9429;9376
DB12001	983;1019;1021
DB12010	7301;255239;7075;2261;5288;9641;57172;9212;5298;140;815;11183;4215;673;8999;2046;10746;1859;5588;558;8576;79858;29110;2043;5563;660;85443;54861;6850;5127;10298;91754;9448;5587;2048;6197;5602;7010;5581;57396;6787;4293;83942;5894;340156;23387;2050;9088;57144;8899;27102;9874;51135;53632;1195;28996;3055;7016;2260;5598;780;7046;285220;1969;5564;817;6790;140901;23235;1432;5571;9113;1196;6714;9943;23678;1263;11329;23604;9891;9263;2534;5606;4486;8408;5293;983;5608;2045;415116;2030;5605;55561;6098;440275;7535;55781;23332;3551;5260;5607;10114;53904;5586;8396;51765;4916;51776;9475;5347;5567;8550;2042;10645;9748;5562;8737;11213;3984;5582;5603;54658;9344;4750;1457;659;6725;2263;5058;7272;3716;9262;9175;240;5170;4139;4216;7006;3932;2041;5979;1459;23012;818;2011;1956;9833;341676;65061;3815;2241;7465;7786;4214;1612;5294;150094;7525;2872;5584;8654;2066;5580;22858;3702;4067;27347;5565;2242;1111;4752;79934;10188;4294;27148;3985;2081;3717;81788;55589;5596;100130827;3654;5128;1436;1019;388228;3645;202374;8814;57118;50488;9706;5871;658;56924;2324;83732;2051;6793;91807;4233;3718;2268;2064;27;6788;5593;5566;3791;5292;8491;1520;6195;2044;79837;23043;816;4058;4921;11011;51422;9201;1452;10733;22983;5156;389840;5601;4914;5585;8780;1514;1198;2932;695;4145;5062;1613;5753;4915;4296;85366;5063;4638;65975;225689;2047;2475;8711;3643;4140;8569;2322;640;2580;10769;8428;5287;2185;9064;2444;57787;8536;7297;1448;9149;25989;7048;8573;8767;11113;238;2166;90;27330;4593;11184;80122;120892;22848;2931;84254;11200;57551;2321;166614;7294;51086;1445;91;5747;5610;56997;10461;6795;167359;5159;4751;25;51347
DB12015	5291;5293;5290;5294
DB12023	3568;2214
DB12095	7166;121278
DB12130	2241;4915;4914;238;5747;4916;2242;2185;2444;10188;4058;6098
DB12141	3359;3356;3360;170572;3355;3358;3362;6098;285242;2322;3354;238;200909;3351;3350;3357;3363;9177;5979;3352;558
DB12147	2263;3815;5156;2261;2260;1436;2264;3791;5159
DB12159	3566
DB12161	6571
DB12240	974
DB12267	4233;2322;238;2064;2066;3480;1956;25;6098;3643
DB12278	1128;1129;1131;1133;775;148;1132
DB12328	5770;5495;5501;196
DB12332	84875;143;983;54625;10038;142;64761;5292;80351;8658;25865;10039;1859
DB12364	3757;2159
DB12371	1901;8698;1903;53637
DB12457	10203
DB12483	5291;5293;5290;5294
DB12498	7852
DB12499	367
DB12500	255239;7075;2261;5597;9641;57172;5298;9212;815;4215;673;8999;2046;10746;558;8576;79858;29110;2043;5599;660;85443;5563;54861;6792;6850;5592;5127;10298;91754;140609;2048;6197;5602;7010;5581;57396;6787;4293;340156;83942;25778;6885;23387;2050;57144;8899;27102;9874;51135;1195;3055;28996;7016;2260;5598;780;285220;1969;817;6790;23235;6714;26576;1025;23678;1263;11329;23604;9891;5129;9263;5606;1760;8408;2534;2045;494551;5605;6098;440275;7535;6198;55781;3551;5260;10114;5607;8396;51765;4916;10494;51776;9475;5347;10783;2324;2042;1022;10645;9748;8737;5562;6733;11213;2868;3984;51347;1147;5218;659;4750;1457;9344;6725;7272;5058;2263;3716;9262;9175;4139;4216;2041;3932;5979;818;6732;3480;2011;1956;9833;341676;65061;2241;3815;7465;7786;1612;8394;5294;7525;2081;1196;2872;4067;2066;3702;22858;2242;150094;4752;27347;1111;79934;10188;4294;3717;3985;27148;81788;55589;100130827;3654;5128;1436;9706;1459;5871;57118;3645;658;147746;6093;388228;1019;8986;50488;83732;2051;56924;91807;6793;4233;3718;2268;5593;27;3791;8491;6195;79837;816;9201;4921;4058;11011;10733;5156;23476;5601;4914;5585;6196;8780;695;131890;5062;4145;1613;5753;4915;4296;85366;4638;5290;65975;94;225689;2047;4140;8711;3643;6794;8569;2322;204851;5604;640;2580;10769;2264;676;9252;2185;2444;57787;8536;7297;9149;25989;7048;8573;8767;11113;90;27330;238;26524;4593;11184;80122;120892;22848;84254;57551;23683;2321;166614;5261;51086;1445;91;5747;5610;56997;10461;167359;6795;6416;5159;4751;25;7294
DB12523	3269;3757
DB12532	2520
DB12612	9294;1901;8698;53637;1903
DB12688	933;1938
DB12698	1234;920;7852
DB12713	6524;6523
DB12783	1644
DB12789	5733;11251;5734;5731;6915;5729;5737;6578
DB12808	5916;5914;5915
DB12865	846
DB12867	1813;1814;1815;3356
DB12872	1277;2157
DB12877	8856;1814
DB12887	8726;2146
DB12941	5241;367
DB12965	2;1356;645745;4502;84560;9633;4495;4489;213;4520;4499;4494;4504;4501;4496;4493;4490
DB12978	5159;3815;1436;2322
DB13007	81607
DB13063	6667;5743
DB13074	2693
DB13114	5979
DB13125	4352
DB13133	1277;2157
DB13139	154
DB13144	1441
DB13146	2906;84889;2893;2905;2890;2891;9056;116444;116443;2904;2903;2902;6510;2892
DB13149	5624;2153;2159
DB13150	2158;2152;2159
DB13151	2243;2153;2147;2244;2157;2162;2155;2159
DB13152	2677;2147;2157;4035;2155;2160;2159
DB13154	6329
DB13155	367
DB13158	2908
DB13166	1636
DB13167	5743
DB13170	2977
DB13173	3482
DB13179	8856;1576
DB13192	2158;2159
DB13200	1441
DB13245	84695;84171;11343;10919;4015;79813;4017;8424;3717;4193
DB13256	1813
DB13262	1128
DB13269	55800;6334;6329;6331;6323;6335;6328;6324;6327;6326;6332;11280;6336;6330
DB13273	1813;1814
DB13277	332
DB13292	80854
DB13345	152;3359;153;3356;1814;3360;170572;3355;150;3358;3362;1812;285242;151;3354;147;148;1816;200909;3350;155;3357;146;3363;9177;1815;154;1813;3352;3351
DB13346	5742;83933;10013;5743
DB13501	5742;5743
DB13503	43
DB13520	152;6530;3356;1814;150;3358;3362;1812;6865;151;3269;6326;43;6531;3350;3274;3357;146;1565;3363;1813;6532
DB13615	64127;7099
DB13628	23632;2100;759;771;766;760;768
DB13720	1131
DB13746	27092;59285;6331;55799;8911;774;783;6332;8912;11280;6336;6329;6334;6323;786;6328;8913;6326;776;782;784;775;773;93589;6335;10369;785;59284;777;9254;781;779;10368;59283;778;27091
DB13751	3290;836;4023;4790;4791;3291;7124
DB13766	2030;3757
DB13781	154;153
DB13783	5742;5743
DB13800	808;844;794
DB13854	5468;5465;2864;5467
DB13867	2908;5241;4306;5321
DB13872	2556;2558;2566;2554;2555
DB13873	8856;2169;5468;5467;5465;64386
DB13874	3418
DB13881	930
DB13884	2159
DB13893	8399
DB13894	8399
DB13908	6326
DB13915	930
DB13923	2158;2159
DB13925	6752
DB13926	4914
DB13928	2740
DB13931	9475;6093;6530
DB13932	6121
DB13933	2155;2157;2159
DB13943	2099;4306;367
DB13944	2099;4306;367
DB13946	2099;4306;367
DB13949	7037
DB13952	2099;8856;10499;2852;3294;1137;2100;8678;2104;4508
DB13953	3357;152;6462;2099;8856;2908;10499;2852;3294;1137;2100;8678;2104;4508;6532
DB13954	2099;8856;10499;2852;3294;1137;2100;8678;2104;4508
DB13955	2099;8856;10499;2852;3294;1137;2100;8678;2104;4508
DB13956	2099;8856;10499;2852;3294;1137;2100;8678;2104;4508
DB13961	6331;783;6332;6330;11280;6336;6329;6334;6323;5468;6328;6326;4791;5467;782;784;775;776;338557;55800;6335;6720;6324;785;6327;779;4790;5465;778;84649;5743
DB13967	213
DB13985	6754;6752;6751;6755;6753
DB13995	2512;2495;3043;3040
DB13996	476
DB13998	433;821;7450;5264;4035;2158;90411;3998;811;3309;2159
DB13999	811;433;821;5264;4035;2158;90411;3998;7450;3309;2159
DB14001	9446;8856;284904;5579;5578;240;23541;266629;5516;5515;1606
DB14002	8856;284904;5579;5578;240;23541;266629;5516;5515;1606
DB14004	51561;3593
DB14006	162466;9468;89832;590;5337;5338;5130;43
DB14019	6869
DB14020	8824;1066
DB14039	10203
DB14040	796;797
DB14041	796;797
DB14042	796;797
DB14084	2099
DB14089	1845;5781
DB14104	5467;5468;2864;5465;2170;2167;338557
DB14174	11343
DB14184	7498;8989
DB14185	152;3359;3356;1814;150;3358;3362;1812;151;3269;3354;1133;147;148;1816;1131;3350;1132;1128;1129;3363;1815;1813;3352;3351
DB14191	10280;6530;1565
DB14201	152;5163;6531;729230;151;4986;140;1813;1814;4161;4988;150;3362;1812
DB14212	23632;759;771;766;760;768
DB14219	338442
DB14481	9378;821;6717;2201;7178;794;4925;553115;4924;808;808;125972;6284;6277;84467;845;23413;10519;140576;6678;811;25801;8618;11261;828;844;10518;808;6285;93664;9104;10016;846
DB14487	2023;3818;3827;2;333;866;3848;7284;4502;9973;7161;12;3697;3483;2147;7402;715;4489;26330;3868;4504;55869;5723;721;4830;3858;7167;3075;443;6406;3853;2099;6414;4255;226;5034;1356;1832;5052;348;732;3700;5858;7448;3053;3065;5267;9759;2934;2923;5265;55911;716;8542;3562;3698;351;6647;3728;5444;6278;334;6273;1915;3630;4318;8547;629;3861;1369;725;718;3849;1;623;3426;731;336;4193;6279;722;325;7018;713;3699;388697;3043;10572;2335;197;3250;117159;1191;79184;2165;2741;733;1370;337;727;5005;2161;7157;114770;6462;3512;3852;3857;6280;3040;7276;714;335;2243;142;183;199699;4350;10016
DB14488	7037;79661;7018;252969;2237;5423;55869;3040;1356;2395;54583;51327;2495
DB14489	7037;79661;7018;252969;2237;5423;55869;3040;1356;2395;54583;51327;2495
DB14490	7037;79661;7018;252969;2237;5423;55869;3040;1356;2395;54583;51327;2495
DB14491	7037;79661;7018;252969;2237;5423;55869;3040;1356;2395;54583;51327;2495
DB14498	476
DB14499	476
DB14500	476
DB14501	7037;79661;7018;252969;2237;5423;55869;3040;1356;2395;54583;51327;2495
DB14502	762
DB14507	3612;2932;3613;2892
DB14509	3612;3613;2932;2892
DB14512	2908;5241;28234;10599
DB14517	351;476;7018;3816
DB14518	351;476;7018;3816
DB14520	7037
DB14527	1528
DB14528	1528
DB14529	1528
DB14530	1528
DB14533	2023;3818;3827;2;333;866;3848;7284;4502;9973;7161;12;3697;3483;2147;7402;715;4489;26330;3868;4504;55869;5723;721;4830;3858;7167;3075;443;6406;3853;2099;6414;4255;2534;226;6530;5034;1356;1832;5052;348;732;3700;5858;7448;3053;760;3065;5267;9759;2934;2923;5265;55911;716;8542;3562;3698;351;6647;3728;5444;6278;334;1956;6273;1915;3630;4318;8547;629;3861;1369;725;718;3849;1;623;3426;731;336;4193;6279;722;325;7018;713;3699;388697;3043;10572;2335;197;3250;117159;1191;79184;2165;2741;733;1370;337;727;5005;2161;7157;114770;6462;3512;3852;3857;6280;3040;7276;714;335;2243;142;183;199699;5530;4350;10016;2863
DB14539	3283;2908;3291;866;301
DB14540	2908;301;3283;3291
DB14541	2908;301;3283;3291
DB14542	2908;301;3283;3291
DB14543	2908;301;3283;3291
DB14544	2908;301;3283;3291
DB14554	6755;6754;6752
DB14562	7035
DB14568	3417
DB14569	4129;4128
DB14575	5025
DB14583	2908;5241;367
DB14596	2908
DB14597	3818
DB14642	552;554;553
DB14669	1128;2908;1131;3269;1133;1132
DB14674	5781
DB14700	2157
DB14707	5133
DB14723	4916;4915;4914
DB14724	3458
DB14731	3563;402
DB14738	2147;2158;2159
DB14751	3482;3643;3480
DB14754	6531;6530
DB14762	51561;3593
DB14763	1719
DB14783	57053
DB14845	3718;2322;3716;1436;2324;7297;3717
DB14864	7422
DB14881	6331;4986;4985;3757;4988
DB14895	155
DB14962	2209;7150
DB14975	1559;1558;3040
DB15035	3718;5753;2268;2064;640;3702;2066;660;3932;7006;695;2444;1956;3717;7294
DB15091	3717;3716
DB15271	6403
DB15328	10203
DB15444	1080
DB15494	6755;6751;6752;6753
DB15566	2908
DB15593	1756
DB15594	5027;6622
